origin,destination,flow,time
UGA.1.1_1,UGA.8.3_1,1304.0,0
UGA.1.1_1,UGA.41.1_1,116.0,0
UGA.1.1_1,UGA.41.2_1,203.0,0
UGA.1.1_1,UGA.58.1_1,554.0,0
UGA.1.1_1,UGA.3.6_1,76.0,0
UGA.1.1_1,UGA.3.4_1,38.0,0
UGA.1.1_1,UGA.8.1_1,25.0,0
UGA.1.1_1,UGA.8.2_1,26.0,0
UGA.1.1_1,UGA.8.4_1,44.0,0
UGA.1.1_1,UGA.3.3_1,32.0,0
UGA.1.1_1,UGA.3.5_1,19.0,0
UGA.1.1_1,UGA.47.1_1,20.0,0
UGA.1.1_1,UGA.3.2_1,13.0,0
UGA.1.1_1,UGA.3.1_1,3.0,0
UGA.1.1_1,UGA.3.7_1,10.0,0
UGA.1.1_1,UGA.8.5_1,10.0,0
UGA.1.1_1,UGA.47.3_1,13.0,0
UGA.1.1_1,UGA.27.2_1,4.0,0
UGA.1.1_1,UGA.2.4_1,20.0,0
UGA.1.1_1,UGA.47.2_1,12.0,0
UGA.1.1_1,UGA.49.2_1,1.0,0
UGA.1.1_1,UGA.36.4_1,8.0,0
UGA.1.1_1,UGA.36.1_1,5.0,0
UGA.1.1_1,UGA.2.1_1,10.0,0
UGA.1.1_1,UGA.2.3_1,7.0,0
UGA.1.1_1,UGA.27.1_1,6.0,0
UGA.1.1_1,UGA.33.2_1,8.0,0
UGA.1.1_1,UGA.36.3_1,4.0,0
UGA.1.1_1,UGA.49.1_1,5.0,0
UGA.1.1_1,UGA.36.2_1,3.0,0
UGA.1.1_1,UGA.2.2_1,3.0,0
UGA.1.1_1,UGA.33.6_1,1.0,0
UGA.1.1_1,UGA.9.1_1,5.0,0
UGA.1.1_1,UGA.33.1_1,3.0,0
UGA.1.1_1,UGA.33.3_1,2.0,0
UGA.1.1_1,UGA.46.1_1,4.0,0
UGA.1.1_1,UGA.14.1_1,4.0,0
UGA.1.1_1,UGA.9.2_1,3.0,0
UGA.1.1_1,UGA.14.2_1,1.0,0
UGA.1.1_1,UGA.25.1_1,5.0,0
UGA.1.1_1,UGA.28.2_1,1.0,0
UGA.1.1_1,UGA.22.1_1,1.0,0
UGA.1.1_1,UGA.55.1_1,1.0,0
UGA.1.1_1,UGA.24.1_1,1.0,0
UGA.1.1_1,UGA.55.4_1,2.0,0
UGA.1.1_1,UGA.23.1_1,1.0,0
UGA.1.1_1,UGA.17.1_1,1.0,0
UGA.1.1_1,UGA.24.2_1,2.0,0
UGA.1.1_1,UGA.55.2_1,1.0,0
UGA.1.1_1,UGA.17.2_1,1.0,0
UGA.1.1_1,UGA.22.3_1,1.0,0
UGA.1.1_1,UGA.29.3_1,1.0,0
UGA.1.1_1,UGA.43.4_1,1.0,0
UGA.1.1_1,UGA.43.2_1,4.0,0
UGA.1.1_1,UGA.17.3_1,1.0,0
UGA.1.1_1,UGA.30.2_1,1.0,0
UGA.1.1_1,UGA.44.4_1,1.0,0
UGA.1.1_1,UGA.30.1_1,1.0,0
UGA.1.1_1,UGA.10.4_1,2.0,0
UGA.1.1_1,UGA.57.3_1,3.0,0
UGA.1.1_1,UGA.57.1_1,4.0,0
UGA.1.1_1,UGA.29.1_1,1.0,0
UGA.1.1_1,UGA.16.1_1,1.0,0
UGA.1.1_1,UGA.42.3_1,1.0,0
UGA.1.1_1,UGA.18.1_1,1.0,0
UGA.1.1_1,UGA.4.1_1,1.0,0
UGA.1.1_1,UGA.48.1_1,1.0,0
UGA.1.1_1,UGA.12.2_1,1.0,0
UGA.2.1_1,UGA.33.4_1,838.0,0
UGA.2.1_1,UGA.33.2_1,1123.0,0
UGA.2.1_1,UGA.2.4_1,489.0,0
UGA.2.1_1,UGA.2.2_1,126.0,0
UGA.2.1_1,UGA.33.1_1,95.0,0
UGA.2.1_1,UGA.8.5_1,62.0,0
UGA.2.1_1,UGA.33.5_1,63.0,0
UGA.2.1_1,UGA.2.3_1,59.0,0
UGA.2.1_1,UGA.33.6_1,19.0,0
UGA.2.1_1,UGA.49.2_1,30.0,0
UGA.2.1_1,UGA.33.3_1,15.0,0
UGA.2.1_1,UGA.8.2_1,19.0,0
UGA.2.1_1,UGA.14.1_1,12.0,0
UGA.2.1_1,UGA.14.2_1,10.0,0
UGA.2.1_1,UGA.8.1_1,11.0,0
UGA.2.1_1,UGA.36.4_1,26.0,0
UGA.2.1_1,UGA.49.1_1,23.0,0
UGA.2.1_1,UGA.22.1_1,15.0,0
UGA.2.1_1,UGA.55.1_1,9.0,0
UGA.2.1_1,UGA.8.4_1,17.0,0
UGA.2.1_1,UGA.55.4_1,10.0,0
UGA.2.1_1,UGA.22.2_1,8.0,0
UGA.2.1_1,UGA.46.1_1,6.0,0
UGA.2.1_1,UGA.55.3_1,2.0,0
UGA.2.1_1,UGA.28.3_1,2.0,0
UGA.2.1_1,UGA.8.3_1,7.0,0
UGA.2.1_1,UGA.17.1_1,8.0,0
UGA.2.1_1,UGA.55.2_1,4.0,0
UGA.2.1_1,UGA.36.3_1,4.0,0
UGA.2.1_1,UGA.23.1_1,8.0,0
UGA.2.1_1,UGA.27.1_1,4.0,0
UGA.2.1_1,UGA.27.2_1,5.0,0
UGA.2.1_1,UGA.29.3_1,3.0,0
UGA.2.1_1,UGA.22.3_1,5.0,0
UGA.2.1_1,UGA.17.2_1,13.0,0
UGA.2.1_1,UGA.36.1_1,1.0,0
UGA.2.1_1,UGA.36.2_1,1.0,0
UGA.2.1_1,UGA.1.1_1,5.0,0
UGA.2.1_1,UGA.34.3_1,3.0,0
UGA.2.1_1,UGA.47.1_1,3.0,0
UGA.2.1_1,UGA.17.3_1,5.0,0
UGA.2.1_1,UGA.29.2_1,2.0,0
UGA.2.1_1,UGA.34.1_1,1.0,0
UGA.2.1_1,UGA.40.1_1,1.0,0
UGA.2.1_1,UGA.34.2_1,6.0,0
UGA.2.1_1,UGA.47.3_1,3.0,0
UGA.2.1_1,UGA.23.2_1,1.0,0
UGA.2.1_1,UGA.50.3_1,1.0,0
UGA.2.1_1,UGA.25.1_1,2.0,0
UGA.2.1_1,UGA.9.1_1,3.0,0
UGA.2.1_1,UGA.41.2_1,1.0,0
UGA.2.1_1,UGA.10.2_1,1.0,0
UGA.2.1_1,UGA.44.4_1,2.0,0
UGA.2.1_1,UGA.10.3_1,1.0,0
UGA.2.1_1,UGA.11.3_1,2.0,0
UGA.2.1_1,UGA.54.2_1,2.0,0
UGA.2.1_1,UGA.11.1_1,1.0,0
UGA.2.1_1,UGA.56.1_1,2.0,0
UGA.2.1_1,UGA.57.3_1,4.0,0
UGA.2.1_1,UGA.10.1_1,2.0,0
UGA.2.1_1,UGA.47.2_1,1.0,0
UGA.2.1_1,UGA.58.1_1,1.0,0
UGA.2.1_1,UGA.16.1_1,3.0,0
UGA.2.1_1,UGA.9.2_1,1.0,0
UGA.2.1_1,UGA.44.1_1,1.0,0
UGA.2.1_1,UGA.44.3_1,2.0,0
UGA.2.1_1,UGA.57.1_1,1.0,0
UGA.2.1_1,UGA.37.1_1,2.0,0
UGA.2.1_1,UGA.56.4_1,1.0,0
UGA.2.1_1,UGA.4.1_1,1.0,0
UGA.2.1_1,UGA.24.2_1,2.0,0
UGA.2.1_1,UGA.30.1_1,1.0,0
UGA.2.1_1,UGA.32.1_1,1.0,0
UGA.2.1_1,UGA.51.3_1,1.0,0
UGA.2.1_1,UGA.18.2_1,1.0,0
UGA.2.1_1,UGA.51.2_1,1.0,0
UGA.2.1_1,UGA.39.4_1,1.0,0
UGA.2.1_1,UGA.39.3_1,1.0,0
UGA.2.1_1,UGA.52.1_1,1.0,0
UGA.2.1_1,UGA.12.3_1,1.0,0
UGA.2.2_1,UGA.33.3_1,1143.0,0
UGA.2.2_1,UGA.2.3_1,471.0,0
UGA.2.2_1,UGA.33.1_1,213.0,0
UGA.2.2_1,UGA.33.4_1,86.0,0
UGA.2.2_1,UGA.2.1_1,146.0,0
UGA.2.2_1,UGA.14.1_1,33.0,0
UGA.2.2_1,UGA.33.2_1,89.0,0
UGA.2.2_1,UGA.2.4_1,73.0,0
UGA.2.2_1,UGA.14.2_1,17.0,0
UGA.2.2_1,UGA.33.5_1,28.0,0
UGA.2.2_1,UGA.46.1_1,17.0,0
UGA.2.2_1,UGA.55.1_1,9.0,0
UGA.2.2_1,UGA.17.1_1,19.0,0
UGA.2.2_1,UGA.36.4_1,12.0,0
UGA.2.2_1,UGA.8.5_1,6.0,0
UGA.2.2_1,UGA.23.1_1,4.0,0
UGA.2.2_1,UGA.33.6_1,6.0,0
UGA.2.2_1,UGA.55.4_1,12.0,0
UGA.2.2_1,UGA.55.3_1,1.0,0
UGA.2.2_1,UGA.55.2_1,5.0,0
UGA.2.2_1,UGA.22.1_1,5.0,0
UGA.2.2_1,UGA.36.3_1,9.0,0
UGA.2.2_1,UGA.8.2_1,6.0,0
UGA.2.2_1,UGA.17.2_1,7.0,0
UGA.2.2_1,UGA.49.2_1,4.0,0
UGA.2.2_1,UGA.34.3_1,8.0,0
UGA.2.2_1,UGA.22.2_1,2.0,0
UGA.2.2_1,UGA.34.1_1,2.0,0
UGA.2.2_1,UGA.29.3_1,1.0,0
UGA.2.2_1,UGA.17.3_1,6.0,0
UGA.2.2_1,UGA.34.2_1,2.0,0
UGA.2.2_1,UGA.49.1_1,3.0,0
UGA.2.2_1,UGA.17.4_1,1.0,0
UGA.2.2_1,UGA.23.2_1,2.0,0
UGA.2.2_1,UGA.10.4_1,1.0,0
UGA.2.2_1,UGA.36.1_1,1.0,0
UGA.2.2_1,UGA.28.3_1,1.0,0
UGA.2.2_1,UGA.22.3_1,2.0,0
UGA.2.2_1,UGA.25.1_1,3.0,0
UGA.2.2_1,UGA.44.4_1,2.0,0
UGA.2.2_1,UGA.8.3_1,1.0,0
UGA.2.2_1,UGA.50.3_1,2.0,0
UGA.2.2_1,UGA.11.3_1,1.0,0
UGA.2.2_1,UGA.50.2_1,2.0,0
UGA.2.2_1,UGA.10.3_1,2.0,0
UGA.2.2_1,UGA.10.2_1,2.0,0
UGA.2.2_1,UGA.47.1_1,1.0,0
UGA.2.2_1,UGA.11.1_1,2.0,0
UGA.2.2_1,UGA.57.3_1,4.0,0
UGA.2.2_1,UGA.11.2_1,1.0,0
UGA.2.2_1,UGA.40.1_1,1.0,0
UGA.2.2_1,UGA.56.1_1,1.0,0
UGA.2.2_1,UGA.16.1_1,1.0,0
UGA.2.2_1,UGA.57.1_1,3.0,0
UGA.2.2_1,UGA.37.1_1,1.0,0
UGA.2.2_1,UGA.3.4_1,2.0,0
UGA.2.2_1,UGA.44.2_1,1.0,0
UGA.2.2_1,UGA.4.1_1,1.0,0
UGA.2.2_1,UGA.24.2_1,1.0,0
UGA.2.2_1,UGA.3.2_1,1.0,0
UGA.2.2_1,UGA.3.5_1,1.0,0
UGA.2.2_1,UGA.13.2_1,1.0,0
UGA.2.2_1,UGA.5.1_1,2.0,0
UGA.2.2_1,UGA.51.3_1,1.0,0
UGA.2.2_1,UGA.18.2_1,1.0,0
UGA.2.2_1,UGA.21.1_1,1.0,0
UGA.2.3_1,UGA.2.2_1,1224.0,0
UGA.2.3_1,UGA.33.3_1,378.0,0
UGA.2.3_1,UGA.36.4_1,307.0,0
UGA.2.3_1,UGA.2.4_1,193.0,0
UGA.2.3_1,UGA.46.1_1,56.0,0
UGA.2.3_1,UGA.2.1_1,53.0,0
UGA.2.3_1,UGA.33.4_1,12.0,0
UGA.2.3_1,UGA.33.1_1,23.0,0
UGA.2.3_1,UGA.36.3_1,17.0,0
UGA.2.3_1,UGA.33.2_1,29.0,0
UGA.2.3_1,UGA.14.1_1,10.0,0
UGA.2.3_1,UGA.8.5_1,19.0,0
UGA.2.3_1,UGA.34.3_1,11.0,0
UGA.2.3_1,UGA.23.1_1,7.0,0
UGA.2.3_1,UGA.36.2_1,3.0,0
UGA.2.3_1,UGA.8.4_1,7.0,0
UGA.2.3_1,UGA.14.2_1,11.0,0
UGA.2.3_1,UGA.55.1_1,5.0,0
UGA.2.3_1,UGA.8.2_1,3.0,0
UGA.2.3_1,UGA.33.5_1,5.0,0
UGA.2.3_1,UGA.17.1_1,9.0,0
UGA.2.3_1,UGA.36.1_1,4.0,0
UGA.2.3_1,UGA.34.1_1,7.0,0
UGA.2.3_1,UGA.34.2_1,12.0,0
UGA.2.3_1,UGA.25.1_1,10.0,0
UGA.2.3_1,UGA.17.2_1,4.0,0
UGA.2.3_1,UGA.33.6_1,1.0,0
UGA.2.3_1,UGA.8.1_1,2.0,0
UGA.2.3_1,UGA.49.2_1,3.0,0
UGA.2.3_1,UGA.55.4_1,4.0,0
UGA.2.3_1,UGA.9.1_1,3.0,0
UGA.2.3_1,UGA.22.1_1,4.0,0
UGA.2.3_1,UGA.47.1_1,2.0,0
UGA.2.3_1,UGA.8.3_1,2.0,0
UGA.2.3_1,UGA.23.2_1,2.0,0
UGA.2.3_1,UGA.17.4_1,3.0,0
UGA.2.3_1,UGA.17.3_1,2.0,0
UGA.2.3_1,UGA.47.3_1,2.0,0
UGA.2.3_1,UGA.10.4_1,1.0,0
UGA.2.3_1,UGA.43.4_1,3.0,0
UGA.2.3_1,UGA.57.3_1,8.0,0
UGA.2.3_1,UGA.24.1_1,2.0,0
UGA.2.3_1,UGA.11.3_1,1.0,0
UGA.2.3_1,UGA.10.3_1,2.0,0
UGA.2.3_1,UGA.16.1_1,3.0,0
UGA.2.3_1,UGA.57.1_1,3.0,0
UGA.2.3_1,UGA.10.2_1,1.0,0
UGA.2.3_1,UGA.11.2_1,1.0,0
UGA.2.3_1,UGA.50.2_1,1.0,0
UGA.2.3_1,UGA.44.1_1,1.0,0
UGA.2.3_1,UGA.43.2_1,2.0,0
UGA.2.3_1,UGA.24.3_1,1.0,0
UGA.2.3_1,UGA.42.3_1,1.0,0
UGA.2.3_1,UGA.57.2_1,1.0,0
UGA.2.3_1,UGA.3.2_1,1.0,0
UGA.2.3_1,UGA.4.1_1,1.0,0
UGA.2.3_1,UGA.7.1_1,1.0,0
UGA.2.3_1,UGA.30.2_1,1.0,0
UGA.2.3_1,UGA.35.1_1,1.0,0
UGA.2.3_1,UGA.20.2_1,1.0,0
UGA.2.3_1,UGA.51.4_1,1.0,0
UGA.2.3_1,UGA.5.1_1,1.0,0
UGA.2.4_1,UGA.2.1_1,2007.0,0
UGA.2.4_1,UGA.8.5_1,639.0,0
UGA.2.4_1,UGA.33.4_1,219.0,0
UGA.2.4_1,UGA.8.2_1,267.0,0
UGA.2.4_1,UGA.33.2_1,390.0,0
UGA.2.4_1,UGA.2.3_1,187.0,0
UGA.2.4_1,UGA.2.2_1,123.0,0
UGA.2.4_1,UGA.36.4_1,154.0,0
UGA.2.4_1,UGA.8.1_1,62.0,0
UGA.2.4_1,UGA.8.4_1,75.0,0
UGA.2.4_1,UGA.49.2_1,50.0,0
UGA.2.4_1,UGA.33.1_1,54.0,0
UGA.2.4_1,UGA.33.5_1,56.0,0
UGA.2.4_1,UGA.33.3_1,32.0,0
UGA.2.4_1,UGA.8.3_1,36.0,0
UGA.2.4_1,UGA.33.6_1,28.0,0
UGA.2.4_1,UGA.14.1_1,27.0,0
UGA.2.4_1,UGA.36.3_1,20.0,0
UGA.2.4_1,UGA.14.2_1,13.0,0
UGA.2.4_1,UGA.49.1_1,21.0,0
UGA.2.4_1,UGA.46.1_1,24.0,0
UGA.2.4_1,UGA.36.1_1,17.0,0
UGA.2.4_1,UGA.1.1_1,25.0,0
UGA.2.4_1,UGA.47.1_1,11.0,0
UGA.2.4_1,UGA.36.2_1,7.0,0
UGA.2.4_1,UGA.55.1_1,15.0,0
UGA.2.4_1,UGA.27.2_1,5.0,0
UGA.2.4_1,UGA.22.1_1,10.0,0
UGA.2.4_1,UGA.55.4_1,17.0,0
UGA.2.4_1,UGA.22.2_1,7.0,0
UGA.2.4_1,UGA.17.1_1,22.0,0
UGA.2.4_1,UGA.55.3_1,1.0,0
UGA.2.4_1,UGA.28.3_1,2.0,0
UGA.2.4_1,UGA.27.1_1,16.0,0
UGA.2.4_1,UGA.47.3_1,6.0,0
UGA.2.4_1,UGA.23.1_1,2.0,0
UGA.2.4_1,UGA.3.4_1,6.0,0
UGA.2.4_1,UGA.34.3_1,11.0,0
UGA.2.4_1,UGA.9.1_1,11.0,0
UGA.2.4_1,UGA.41.2_1,1.0,0
UGA.2.4_1,UGA.17.2_1,6.0,0
UGA.2.4_1,UGA.34.1_1,5.0,0
UGA.2.4_1,UGA.25.1_1,18.0,0
UGA.2.4_1,UGA.29.3_1,2.0,0
UGA.2.4_1,UGA.3.6_1,4.0,0
UGA.2.4_1,UGA.34.2_1,5.0,0
UGA.2.4_1,UGA.3.7_1,4.0,0
UGA.2.4_1,UGA.47.2_1,6.0,0
UGA.2.4_1,UGA.22.3_1,5.0,0
UGA.2.4_1,UGA.50.4_1,6.0,0
UGA.2.4_1,UGA.17.3_1,7.0,0
UGA.2.4_1,UGA.58.1_1,8.0,0
UGA.2.4_1,UGA.3.1_1,1.0,0
UGA.2.4_1,UGA.3.2_1,5.0,0
UGA.2.4_1,UGA.29.2_1,3.0,0
UGA.2.4_1,UGA.40.1_1,7.0,0
UGA.2.4_1,UGA.23.2_1,1.0,0
UGA.2.4_1,UGA.10.4_1,6.0,0
UGA.2.4_1,UGA.3.5_1,2.0,0
UGA.2.4_1,UGA.9.2_1,6.0,0
UGA.2.4_1,UGA.44.4_1,3.0,0
UGA.2.4_1,UGA.24.1_1,4.0,0
UGA.2.4_1,UGA.50.3_1,4.0,0
UGA.2.4_1,UGA.50.2_1,3.0,0
UGA.2.4_1,UGA.3.3_1,2.0,0
UGA.2.4_1,UGA.11.3_1,1.0,0
UGA.2.4_1,UGA.10.2_1,2.0,0
UGA.2.4_1,UGA.10.3_1,4.0,0
UGA.2.4_1,UGA.57.3_1,13.0,0
UGA.2.4_1,UGA.43.3_1,4.0,0
UGA.2.4_1,UGA.28.1_1,2.0,0
UGA.2.4_1,UGA.50.1_1,1.0,0
UGA.2.4_1,UGA.11.1_1,1.0,0
UGA.2.4_1,UGA.16.1_1,7.0,0
UGA.2.4_1,UGA.11.2_1,1.0,0
UGA.2.4_1,UGA.10.1_1,1.0,0
UGA.2.4_1,UGA.54.2_1,1.0,0
UGA.2.4_1,UGA.56.1_1,3.0,0
UGA.2.4_1,UGA.57.1_1,1.0,0
UGA.2.4_1,UGA.24.3_1,1.0,0
UGA.2.4_1,UGA.44.3_1,4.0,0
UGA.2.4_1,UGA.44.1_1,2.0,0
UGA.2.4_1,UGA.38.4_1,1.0,0
UGA.2.4_1,UGA.45.1_1,1.0,0
UGA.2.4_1,UGA.43.2_1,1.0,0
UGA.2.4_1,UGA.40.3_1,1.0,0
UGA.2.4_1,UGA.37.1_1,1.0,0
UGA.2.4_1,UGA.56.2_1,1.0,0
UGA.2.4_1,UGA.42.3_1,1.0,0
UGA.2.4_1,UGA.42.2_1,1.0,0
UGA.2.4_1,UGA.38.3_1,2.0,0
UGA.2.4_1,UGA.4.1_1,4.0,0
UGA.2.4_1,UGA.56.4_1,1.0,0
UGA.2.4_1,UGA.38.1_1,1.0,0
UGA.2.4_1,UGA.56.3_1,1.0,0
UGA.2.4_1,UGA.7.1_1,1.0,0
UGA.2.4_1,UGA.35.1_1,2.0,0
UGA.2.4_1,UGA.32.1_1,1.0,0
UGA.2.4_1,UGA.35.2_1,1.0,0
UGA.2.4_1,UGA.51.4_1,1.0,0
UGA.2.4_1,UGA.21.2_1,2.0,0
UGA.2.4_1,UGA.6.1_1,1.0,0
UGA.2.4_1,UGA.21.1_1,1.0,0
UGA.2.4_1,UGA.39.1_1,2.0,0
UGA.2.4_1,UGA.39.3_1,1.0,0
UGA.2.4_1,UGA.39.8_1,2.0,0
UGA.2.4_1,UGA.6.5_1,1.0,0
UGA.2.4_1,UGA.6.3_1,1.0,0
UGA.2.4_1,UGA.48.3_1,2.0,0
UGA.2.4_1,UGA.12.4_1,1.0,0
UGA.3.1_1,UGA.3.2_1,634.0,0
UGA.3.1_1,UGA.3.7_1,46.0,0
UGA.3.1_1,UGA.3.5_1,30.0,0
UGA.3.1_1,UGA.3.6_1,20.0,0
UGA.3.1_1,UGA.3.4_1,5.0,0
UGA.3.1_1,UGA.47.2_1,7.0,0
UGA.3.1_1,UGA.3.3_1,2.0,0
UGA.3.1_1,UGA.58.1_1,6.0,0
UGA.3.1_1,UGA.47.3_1,1.0,0
UGA.3.1_1,UGA.47.1_1,3.0,0
UGA.3.1_1,UGA.1.1_1,2.0,0
UGA.3.1_1,UGA.8.3_1,2.0,0
UGA.3.1_1,UGA.36.4_1,1.0,0
UGA.3.1_1,UGA.8.1_1,1.0,0
UGA.3.1_1,UGA.36.2_1,1.0,0
UGA.3.1_1,UGA.8.5_1,1.0,0
UGA.3.1_1,UGA.2.1_1,1.0,0
UGA.3.1_1,UGA.24.2_1,1.0,0
UGA.3.1_1,UGA.24.1_1,1.0,0
UGA.3.1_1,UGA.30.2_1,2.0,0
UGA.3.1_1,UGA.13.1_1,1.0,0
UGA.3.1_1,UGA.34.1_1,1.0,0
UGA.3.1_1,UGA.55.4_1,1.0,0
UGA.3.1_1,UGA.16.1_1,1.0,0
UGA.3.1_1,UGA.37.1_1,1.0,0
UGA.3.2_1,UGA.3.1_1,620.0,0
UGA.3.2_1,UGA.3.5_1,919.0,0
UGA.3.2_1,UGA.3.7_1,355.0,0
UGA.3.2_1,UGA.3.6_1,331.0,0
UGA.3.2_1,UGA.3.4_1,117.0,0
UGA.3.2_1,UGA.3.3_1,141.0,0
UGA.3.2_1,UGA.47.2_1,121.0,0
UGA.3.2_1,UGA.58.1_1,168.0,0
UGA.3.2_1,UGA.47.3_1,43.0,0
UGA.3.2_1,UGA.47.1_1,20.0,0
UGA.3.2_1,UGA.41.1_1,2.0,0
UGA.3.2_1,UGA.1.1_1,28.0,0
UGA.3.2_1,UGA.41.2_1,4.0,0
UGA.3.2_1,UGA.8.3_1,26.0,0
UGA.3.2_1,UGA.8.4_1,20.0,0
UGA.3.2_1,UGA.36.1_1,7.0,0
UGA.3.2_1,UGA.8.2_1,9.0,0
UGA.3.2_1,UGA.36.4_1,27.0,0
UGA.3.2_1,UGA.8.1_1,8.0,0
UGA.3.2_1,UGA.36.2_1,7.0,0
UGA.3.2_1,UGA.9.1_1,12.0,0
UGA.3.2_1,UGA.8.5_1,8.0,0
UGA.3.2_1,UGA.36.3_1,6.0,0
UGA.3.2_1,UGA.2.4_1,12.0,0
UGA.3.2_1,UGA.9.2_1,9.0,0
UGA.3.2_1,UGA.27.2_1,1.0,0
UGA.3.2_1,UGA.2.3_1,4.0,0
UGA.3.2_1,UGA.49.2_1,3.0,0
UGA.3.2_1,UGA.2.1_1,4.0,0
UGA.3.2_1,UGA.24.2_1,7.0,0
UGA.3.2_1,UGA.24.1_1,4.0,0
UGA.3.2_1,UGA.5.2_1,1.0,0
UGA.3.2_1,UGA.33.4_1,3.0,0
UGA.3.2_1,UGA.2.2_1,1.0,0
UGA.3.2_1,UGA.33.2_1,6.0,0
UGA.3.2_1,UGA.25.1_1,1.0,0
UGA.3.2_1,UGA.24.3_1,2.0,0
UGA.3.2_1,UGA.46.1_1,2.0,0
UGA.3.2_1,UGA.33.3_1,3.0,0
UGA.3.2_1,UGA.27.1_1,3.0,0
UGA.3.2_1,UGA.30.2_1,5.0,0
UGA.3.2_1,UGA.33.1_1,1.0,0
UGA.3.2_1,UGA.49.1_1,4.0,0
UGA.3.2_1,UGA.33.5_1,2.0,0
UGA.3.2_1,UGA.5.1_1,1.0,0
UGA.3.2_1,UGA.43.2_1,3.0,0
UGA.3.2_1,UGA.14.1_1,1.0,0
UGA.3.2_1,UGA.13.1_1,1.0,0
UGA.3.2_1,UGA.14.2_1,1.0,0
UGA.3.2_1,UGA.34.2_1,3.0,0
UGA.3.2_1,UGA.23.1_1,2.0,0
UGA.3.2_1,UGA.18.1_1,4.0,0
UGA.3.2_1,UGA.43.4_1,2.0,0
UGA.3.2_1,UGA.34.1_1,1.0,0
UGA.3.2_1,UGA.28.3_1,1.0,0
UGA.3.2_1,UGA.17.1_1,2.0,0
UGA.3.2_1,UGA.22.1_1,3.0,0
UGA.3.2_1,UGA.43.1_1,1.0,0
UGA.3.2_1,UGA.21.2_1,4.0,0
UGA.3.2_1,UGA.28.2_1,4.0,0
UGA.3.2_1,UGA.57.3_1,4.0,0
UGA.3.2_1,UGA.57.1_1,3.0,0
UGA.3.2_1,UGA.23.2_1,2.0,0
UGA.3.2_1,UGA.21.1_1,1.0,0
UGA.3.2_1,UGA.53.2_1,2.0,0
UGA.3.2_1,UGA.42.3_1,1.0,0
UGA.3.2_1,UGA.16.1_1,5.0,0
UGA.3.2_1,UGA.29.3_1,2.0,0
UGA.3.2_1,UGA.35.1_1,1.0,0
UGA.3.2_1,UGA.51.1_1,1.0,0
UGA.3.2_1,UGA.44.3_1,1.0,0
UGA.3.2_1,UGA.50.3_1,1.0,0
UGA.3.2_1,UGA.10.2_1,1.0,0
UGA.3.2_1,UGA.50.2_1,1.0,0
UGA.3.2_1,UGA.39.6_1,2.0,0
UGA.3.2_1,UGA.54.2_1,1.0,0
UGA.3.2_1,UGA.45.1_1,1.0,0
UGA.3.2_1,UGA.38.2_1,1.0,0
UGA.3.2_1,UGA.48.2_1,2.0,0
UGA.3.2_1,UGA.38.3_1,1.0,0
UGA.3.3_1,UGA.58.1_1,2062.0,0
UGA.3.3_1,UGA.3.5_1,129.0,0
UGA.3.3_1,UGA.3.6_1,109.0,0
UGA.3.3_1,UGA.3.2_1,83.0,0
UGA.3.3_1,UGA.3.1_1,18.0,0
UGA.3.3_1,UGA.41.1_1,9.0,0
UGA.3.3_1,UGA.3.7_1,33.0,0
UGA.3.3_1,UGA.3.4_1,29.0,0
UGA.3.3_1,UGA.41.2_1,13.0,0
UGA.3.3_1,UGA.1.1_1,34.0,0
UGA.3.3_1,UGA.47.2_1,45.0,0
UGA.3.3_1,UGA.8.3_1,18.0,0
UGA.3.3_1,UGA.47.1_1,13.0,0
UGA.3.3_1,UGA.47.3_1,29.0,0
UGA.3.3_1,UGA.8.4_1,12.0,0
UGA.3.3_1,UGA.8.2_1,11.0,0
UGA.3.3_1,UGA.8.1_1,5.0,0
UGA.3.3_1,UGA.36.1_1,8.0,0
UGA.3.3_1,UGA.8.5_1,9.0,0
UGA.3.3_1,UGA.27.2_1,9.0,0
UGA.3.3_1,UGA.36.4_1,12.0,0
UGA.3.3_1,UGA.2.4_1,18.0,0
UGA.3.3_1,UGA.31.1_1,1.0,0
UGA.3.3_1,UGA.49.2_1,6.0,0
UGA.3.3_1,UGA.36.2_1,1.0,0
UGA.3.3_1,UGA.36.3_1,4.0,0
UGA.3.3_1,UGA.9.1_1,7.0,0
UGA.3.3_1,UGA.2.1_1,6.0,0
UGA.3.3_1,UGA.2.3_1,7.0,0
UGA.3.3_1,UGA.9.2_1,7.0,0
UGA.3.3_1,UGA.27.1_1,1.0,0
UGA.3.3_1,UGA.33.4_1,2.0,0
UGA.3.3_1,UGA.33.2_1,8.0,0
UGA.3.3_1,UGA.2.2_1,5.0,0
UGA.3.3_1,UGA.49.1_1,4.0,0
UGA.3.3_1,UGA.24.2_1,7.0,0
UGA.3.3_1,UGA.24.1_1,1.0,0
UGA.3.3_1,UGA.33.3_1,1.0,0
UGA.3.3_1,UGA.33.5_1,3.0,0
UGA.3.3_1,UGA.46.1_1,2.0,0
UGA.3.3_1,UGA.33.1_1,1.0,0
UGA.3.3_1,UGA.25.1_1,3.0,0
UGA.3.3_1,UGA.24.3_1,2.0,0
UGA.3.3_1,UGA.34.3_1,1.0,0
UGA.3.3_1,UGA.14.1_1,4.0,0
UGA.3.3_1,UGA.30.2_1,1.0,0
UGA.3.3_1,UGA.13.2_1,2.0,0
UGA.3.3_1,UGA.5.1_1,1.0,0
UGA.3.3_1,UGA.28.2_1,3.0,0
UGA.3.3_1,UGA.22.2_1,2.0,0
UGA.3.3_1,UGA.22.1_1,1.0,0
UGA.3.3_1,UGA.43.2_1,1.0,0
UGA.3.3_1,UGA.23.1_1,1.0,0
UGA.3.3_1,UGA.30.1_1,3.0,0
UGA.3.3_1,UGA.43.3_1,2.0,0
UGA.3.3_1,UGA.55.4_1,1.0,0
UGA.3.3_1,UGA.13.1_1,1.0,0
UGA.3.3_1,UGA.55.2_1,1.0,0
UGA.3.3_1,UGA.18.1_1,1.0,0
UGA.3.3_1,UGA.17.2_1,2.0,0
UGA.3.3_1,UGA.23.2_1,2.0,0
UGA.3.3_1,UGA.57.3_1,1.0,0
UGA.3.3_1,UGA.17.3_1,3.0,0
UGA.3.3_1,UGA.39.5_1,1.0,0
UGA.3.3_1,UGA.16.1_1,4.0,0
UGA.3.3_1,UGA.42.3_1,1.0,0
UGA.3.3_1,UGA.10.3_1,1.0,0
UGA.3.3_1,UGA.11.1_1,1.0,0
UGA.3.3_1,UGA.45.1_1,1.0,0
UGA.3.3_1,UGA.38.1_1,1.0,0
UGA.3.3_1,UGA.19.1_1,1.0,0
UGA.3.4_1,UGA.3.7_1,866.0,0
UGA.3.4_1,UGA.3.6_1,386.0,0
UGA.3.4_1,UGA.3.1_1,64.0,0
UGA.3.4_1,UGA.3.2_1,150.0,0
UGA.3.4_1,UGA.47.1_1,70.0,0
UGA.3.4_1,UGA.47.3_1,46.0,0
UGA.3.4_1,UGA.47.2_1,38.0,0
UGA.3.4_1,UGA.3.5_1,16.0,0
UGA.3.4_1,UGA.41.1_1,3.0,0
UGA.3.4_1,UGA.1.1_1,19.0,0
UGA.3.4_1,UGA.58.1_1,29.0,0
UGA.3.4_1,UGA.8.4_1,11.0,0
UGA.3.4_1,UGA.3.3_1,9.0,0
UGA.3.4_1,UGA.8.3_1,5.0,0
UGA.3.4_1,UGA.36.1_1,4.0,0
UGA.3.4_1,UGA.41.2_1,3.0,0
UGA.3.4_1,UGA.8.2_1,3.0,0
UGA.3.4_1,UGA.36.4_1,18.0,0
UGA.3.4_1,UGA.8.1_1,2.0,0
UGA.3.4_1,UGA.8.5_1,3.0,0
UGA.3.4_1,UGA.36.2_1,1.0,0
UGA.3.4_1,UGA.36.3_1,2.0,0
UGA.3.4_1,UGA.9.1_1,4.0,0
UGA.3.4_1,UGA.2.4_1,12.0,0
UGA.3.4_1,UGA.2.3_1,2.0,0
UGA.3.4_1,UGA.9.2_1,5.0,0
UGA.3.4_1,UGA.2.1_1,2.0,0
UGA.3.4_1,UGA.27.2_1,2.0,0
UGA.3.4_1,UGA.2.2_1,4.0,0
UGA.3.4_1,UGA.33.2_1,2.0,0
UGA.3.4_1,UGA.24.1_1,3.0,0
UGA.3.4_1,UGA.24.2_1,1.0,0
UGA.3.4_1,UGA.25.1_1,1.0,0
UGA.3.4_1,UGA.46.1_1,2.0,0
UGA.3.4_1,UGA.49.1_1,1.0,0
UGA.3.4_1,UGA.30.2_1,2.0,0
UGA.3.4_1,UGA.43.2_1,1.0,0
UGA.3.4_1,UGA.43.3_1,1.0,0
UGA.3.4_1,UGA.34.2_1,1.0,0
UGA.3.4_1,UGA.13.2_1,1.0,0
UGA.3.4_1,UGA.43.4_1,1.0,0
UGA.3.4_1,UGA.22.1_1,1.0,0
UGA.3.4_1,UGA.13.1_1,1.0,0
UGA.3.4_1,UGA.22.2_1,1.0,0
UGA.3.4_1,UGA.55.4_1,1.0,0
UGA.3.4_1,UGA.57.1_1,1.0,0
UGA.3.4_1,UGA.39.5_1,1.0,0
UGA.3.4_1,UGA.17.3_1,1.0,0
UGA.3.4_1,UGA.16.1_1,4.0,0
UGA.3.4_1,UGA.42.3_1,1.0,0
UGA.3.4_1,UGA.10.4_1,1.0,0
UGA.3.4_1,UGA.11.1_1,1.0,0
UGA.3.4_1,UGA.10.3_1,1.0,0
UGA.3.4_1,UGA.10.2_1,1.0,0
UGA.3.4_1,UGA.50.1_1,1.0,0
UGA.3.4_1,UGA.6.1_1,1.0,0
UGA.3.4_1,UGA.7.1_1,1.0,0
UGA.3.5_1,UGA.3.2_1,1327.0,0
UGA.3.5_1,UGA.3.1_1,87.0,0
UGA.3.5_1,UGA.3.6_1,280.0,0
UGA.3.5_1,UGA.3.3_1,147.0,0
UGA.3.5_1,UGA.3.7_1,46.0,0
UGA.3.5_1,UGA.58.1_1,111.0,0
UGA.3.5_1,UGA.3.4_1,18.0,0
UGA.3.5_1,UGA.41.1_1,3.0,0
UGA.3.5_1,UGA.47.2_1,30.0,0
UGA.3.5_1,UGA.1.1_1,18.0,0
UGA.3.5_1,UGA.47.3_1,21.0,0
UGA.3.5_1,UGA.47.1_1,12.0,0
UGA.3.5_1,UGA.41.2_1,6.0,0
UGA.3.5_1,UGA.8.3_1,10.0,0
UGA.3.5_1,UGA.8.4_1,10.0,0
UGA.3.5_1,UGA.36.1_1,5.0,0
UGA.3.5_1,UGA.8.2_1,4.0,0
UGA.3.5_1,UGA.8.1_1,4.0,0
UGA.3.5_1,UGA.36.4_1,18.0,0
UGA.3.5_1,UGA.31.1_1,1.0,0
UGA.3.5_1,UGA.8.5_1,3.0,0
UGA.3.5_1,UGA.9.1_1,9.0,0
UGA.3.5_1,UGA.2.4_1,7.0,0
UGA.3.5_1,UGA.36.3_1,4.0,0
UGA.3.5_1,UGA.27.2_1,5.0,0
UGA.3.5_1,UGA.9.2_1,2.0,0
UGA.3.5_1,UGA.49.2_1,1.0,0
UGA.3.5_1,UGA.2.3_1,1.0,0
UGA.3.5_1,UGA.2.1_1,4.0,0
UGA.3.5_1,UGA.33.4_1,1.0,0
UGA.3.5_1,UGA.24.2_1,4.0,0
UGA.3.5_1,UGA.2.2_1,1.0,0
UGA.3.5_1,UGA.33.2_1,2.0,0
UGA.3.5_1,UGA.24.1_1,1.0,0
UGA.3.5_1,UGA.27.1_1,1.0,0
UGA.3.5_1,UGA.25.1_1,3.0,0
UGA.3.5_1,UGA.46.1_1,4.0,0
UGA.3.5_1,UGA.33.1_1,1.0,0
UGA.3.5_1,UGA.34.3_1,4.0,0
UGA.3.5_1,UGA.33.6_1,1.0,0
UGA.3.5_1,UGA.30.2_1,1.0,0
UGA.3.5_1,UGA.13.2_1,1.0,0
UGA.3.5_1,UGA.14.1_1,1.0,0
UGA.3.5_1,UGA.30.1_1,2.0,0
UGA.3.5_1,UGA.13.1_1,1.0,0
UGA.3.5_1,UGA.18.1_1,2.0,0
UGA.3.5_1,UGA.43.4_1,1.0,0
UGA.3.5_1,UGA.17.1_1,2.0,0
UGA.3.5_1,UGA.22.1_1,1.0,0
UGA.3.5_1,UGA.28.2_1,1.0,0
UGA.3.5_1,UGA.57.3_1,1.0,0
UGA.3.5_1,UGA.44.4_1,1.0,0
UGA.3.5_1,UGA.57.1_1,3.0,0
UGA.3.5_1,UGA.17.4_1,1.0,0
UGA.3.5_1,UGA.16.1_1,1.0,0
UGA.3.5_1,UGA.50.3_1,1.0,0
UGA.3.5_1,UGA.29.1_1,1.0,0
UGA.3.5_1,UGA.51.3_1,1.0,0
UGA.3.5_1,UGA.4.1_1,1.0,0
UGA.3.6_1,UGA.3.5_1,1260.0,0
UGA.3.6_1,UGA.3.2_1,569.0,0
UGA.3.6_1,UGA.3.1_1,82.0,0
UGA.3.6_1,UGA.3.4_1,154.0,0
UGA.3.6_1,UGA.58.1_1,255.0,0
UGA.3.6_1,UGA.3.7_1,33.0,0
UGA.3.6_1,UGA.3.3_1,38.0,0
UGA.3.6_1,UGA.41.1_1,9.0,0
UGA.3.6_1,UGA.1.1_1,28.0,0
UGA.3.6_1,UGA.47.2_1,29.0,0
UGA.3.6_1,UGA.47.1_1,20.0,0
UGA.3.6_1,UGA.47.3_1,17.0,0
UGA.3.6_1,UGA.41.2_1,4.0,0
UGA.3.6_1,UGA.8.3_1,12.0,0
UGA.3.6_1,UGA.8.4_1,16.0,0
UGA.3.6_1,UGA.8.2_1,4.0,0
UGA.3.6_1,UGA.8.1_1,4.0,0
UGA.3.6_1,UGA.36.1_1,7.0,0
UGA.3.6_1,UGA.36.4_1,9.0,0
UGA.3.6_1,UGA.8.5_1,5.0,0
UGA.3.6_1,UGA.2.4_1,13.0,0
UGA.3.6_1,UGA.31.1_1,1.0,0
UGA.3.6_1,UGA.27.2_1,5.0,0
UGA.3.6_1,UGA.36.2_1,5.0,0
UGA.3.6_1,UGA.36.3_1,6.0,0
UGA.3.6_1,UGA.9.1_1,7.0,0
UGA.3.6_1,UGA.49.2_1,4.0,0
UGA.3.6_1,UGA.2.3_1,2.0,0
UGA.3.6_1,UGA.2.1_1,7.0,0
UGA.3.6_1,UGA.9.2_1,7.0,0
UGA.3.6_1,UGA.33.2_1,5.0,0
UGA.3.6_1,UGA.27.1_1,4.0,0
UGA.3.6_1,UGA.49.1_1,3.0,0
UGA.3.6_1,UGA.24.1_1,7.0,0
UGA.3.6_1,UGA.24.2_1,2.0,0
UGA.3.6_1,UGA.33.3_1,2.0,0
UGA.3.6_1,UGA.46.1_1,3.0,0
UGA.3.6_1,UGA.25.1_1,3.0,0
UGA.3.6_1,UGA.33.1_1,3.0,0
UGA.3.6_1,UGA.33.5_1,2.0,0
UGA.3.6_1,UGA.34.3_1,2.0,0
UGA.3.6_1,UGA.14.2_1,1.0,0
UGA.3.6_1,UGA.30.2_1,1.0,0
UGA.3.6_1,UGA.13.3_1,1.0,0
UGA.3.6_1,UGA.23.1_1,2.0,0
UGA.3.6_1,UGA.13.2_1,1.0,0
UGA.3.6_1,UGA.43.2_1,4.0,0
UGA.3.6_1,UGA.43.3_1,1.0,0
UGA.3.6_1,UGA.34.2_1,2.0,0
UGA.3.6_1,UGA.5.1_1,2.0,0
UGA.3.6_1,UGA.30.1_1,1.0,0
UGA.3.6_1,UGA.17.1_1,1.0,0
UGA.3.6_1,UGA.34.1_1,1.0,0
UGA.3.6_1,UGA.55.4_1,4.0,0
UGA.3.6_1,UGA.28.2_1,2.0,0
UGA.3.6_1,UGA.43.4_1,1.0,0
UGA.3.6_1,UGA.42.2_1,1.0,0
UGA.3.6_1,UGA.57.3_1,2.0,0
UGA.3.6_1,UGA.17.4_1,1.0,0
UGA.3.6_1,UGA.17.3_1,2.0,0
UGA.3.6_1,UGA.57.1_1,2.0,0
UGA.3.6_1,UGA.50.4_1,1.0,0
UGA.3.6_1,UGA.16.1_1,2.0,0
UGA.3.6_1,UGA.10.4_1,1.0,0
UGA.3.6_1,UGA.39.2_1,1.0,0
UGA.3.6_1,UGA.39.7_1,1.0,0
UGA.3.6_1,UGA.56.1_1,1.0,0
UGA.3.6_1,UGA.6.2_1,1.0,0
UGA.3.6_1,UGA.6.4_1,2.0,0
UGA.3.7_1,UGA.3.1_1,496.0,0
UGA.3.7_1,UGA.3.2_1,705.0,0
UGA.3.7_1,UGA.3.4_1,123.0,0
UGA.3.7_1,UGA.47.2_1,104.0,0
UGA.3.7_1,UGA.3.6_1,65.0,0
UGA.3.7_1,UGA.3.5_1,29.0,0
UGA.3.7_1,UGA.47.3_1,34.0,0
UGA.3.7_1,UGA.47.1_1,20.0,0
UGA.3.7_1,UGA.3.3_1,12.0,0
UGA.3.7_1,UGA.58.1_1,22.0,0
UGA.3.7_1,UGA.41.1_1,1.0,0
UGA.3.7_1,UGA.1.1_1,6.0,0
UGA.3.7_1,UGA.8.4_1,3.0,0
UGA.3.7_1,UGA.8.3_1,7.0,0
UGA.3.7_1,UGA.36.1_1,2.0,0
UGA.3.7_1,UGA.36.4_1,9.0,0
UGA.3.7_1,UGA.8.2_1,2.0,0
UGA.3.7_1,UGA.36.2_1,1.0,0
UGA.3.7_1,UGA.9.1_1,6.0,0
UGA.3.7_1,UGA.8.1_1,8.0,0
UGA.3.7_1,UGA.36.3_1,3.0,0
UGA.3.7_1,UGA.9.2_1,3.0,0
UGA.3.7_1,UGA.2.4_1,3.0,0
UGA.3.7_1,UGA.2.3_1,4.0,0
UGA.3.7_1,UGA.24.2_1,5.0,0
UGA.3.7_1,UGA.2.1_1,2.0,0
UGA.3.7_1,UGA.5.2_1,1.0,0
UGA.3.7_1,UGA.2.2_1,2.0,0
UGA.3.7_1,UGA.25.1_1,3.0,0
UGA.3.7_1,UGA.24.3_1,2.0,0
UGA.3.7_1,UGA.46.1_1,1.0,0
UGA.3.7_1,UGA.30.2_1,2.0,0
UGA.3.7_1,UGA.33.1_1,1.0,0
UGA.3.7_1,UGA.13.2_1,2.0,0
UGA.3.7_1,UGA.5.1_1,1.0,0
UGA.3.7_1,UGA.27.1_1,1.0,0
UGA.3.7_1,UGA.43.2_1,2.0,0
UGA.3.7_1,UGA.34.2_1,1.0,0
UGA.3.7_1,UGA.18.1_1,1.0,0
UGA.3.7_1,UGA.43.4_1,1.0,0
UGA.3.7_1,UGA.34.1_1,1.0,0
UGA.3.7_1,UGA.42.2_1,1.0,0
UGA.3.7_1,UGA.43.1_1,1.0,0
UGA.3.7_1,UGA.57.3_1,1.0,0
UGA.3.7_1,UGA.57.1_1,1.0,0
UGA.3.7_1,UGA.28.2_1,1.0,0
UGA.3.7_1,UGA.29.3_1,1.0,0
UGA.3.7_1,UGA.50.2_1,1.0,0
UGA.3.7_1,UGA.45.3_1,1.0,0
UGA.3.7_1,UGA.12.3_1,1.0,0
UGA.4.1_1,UGA.7.1_1,2826.0,0
UGA.4.1_1,UGA.10.1_1,802.0,0
UGA.4.1_1,UGA.37.1_1,1327.0,0
UGA.4.1_1,UGA.56.2_1,516.0,0
UGA.4.1_1,UGA.10.3_1,352.0,0
UGA.4.1_1,UGA.10.2_1,225.0,0
UGA.4.1_1,UGA.56.3_1,31.0,0
UGA.4.1_1,UGA.56.1_1,185.0,0
UGA.4.1_1,UGA.56.4_1,111.0,0
UGA.4.1_1,UGA.11.1_1,96.0,0
UGA.4.1_1,UGA.11.2_1,23.0,0
UGA.4.1_1,UGA.44.2_1,33.0,0
UGA.4.1_1,UGA.10.4_1,89.0,0
UGA.4.1_1,UGA.50.3_1,83.0,0
UGA.4.1_1,UGA.11.3_1,71.0,0
UGA.4.1_1,UGA.50.1_1,66.0,0
UGA.4.1_1,UGA.17.3_1,58.0,0
UGA.4.1_1,UGA.38.1_1,80.0,0
UGA.4.1_1,UGA.38.2_1,92.0,0
UGA.4.1_1,UGA.17.4_1,31.0,0
UGA.4.1_1,UGA.38.4_1,14.0,0
UGA.4.1_1,UGA.44.1_1,57.0,0
UGA.4.1_1,UGA.50.2_1,22.0,0
UGA.4.1_1,UGA.50.4_1,47.0,0
UGA.4.1_1,UGA.23.2_1,27.0,0
UGA.4.1_1,UGA.38.3_1,20.0,0
UGA.4.1_1,UGA.17.2_1,41.0,0
UGA.4.1_1,UGA.54.1_1,23.0,0
UGA.4.1_1,UGA.44.4_1,22.0,0
UGA.4.1_1,UGA.29.1_1,20.0,0
UGA.4.1_1,UGA.54.3_1,2.0,0
UGA.4.1_1,UGA.44.3_1,25.0,0
UGA.4.1_1,UGA.17.1_1,29.0,0
UGA.4.1_1,UGA.29.2_1,18.0,0
UGA.4.1_1,UGA.29.3_1,10.0,0
UGA.4.1_1,UGA.55.2_1,18.0,0
UGA.4.1_1,UGA.20.3_1,8.0,0
UGA.4.1_1,UGA.54.2_1,13.0,0
UGA.4.1_1,UGA.23.1_1,11.0,0
UGA.4.1_1,UGA.55.1_1,4.0,0
UGA.4.1_1,UGA.34.1_1,7.0,0
UGA.4.1_1,UGA.32.1_1,6.0,0
UGA.4.1_1,UGA.16.1_1,65.0,0
UGA.4.1_1,UGA.57.3_1,37.0,0
UGA.4.1_1,UGA.20.1_1,4.0,0
UGA.4.1_1,UGA.20.2_1,5.0,0
UGA.4.1_1,UGA.55.4_1,5.0,0
UGA.4.1_1,UGA.34.2_1,13.0,0
UGA.4.1_1,UGA.57.2_1,2.0,0
UGA.4.1_1,UGA.57.1_1,22.0,0
UGA.4.1_1,UGA.14.1_1,6.0,0
UGA.4.1_1,UGA.14.2_1,1.0,0
UGA.4.1_1,UGA.22.3_1,6.0,0
UGA.4.1_1,UGA.45.1_1,2.0,0
UGA.4.1_1,UGA.22.1_1,4.0,0
UGA.4.1_1,UGA.33.3_1,6.0,0
UGA.4.1_1,UGA.46.1_1,4.0,0
UGA.4.1_1,UGA.42.3_1,5.0,0
UGA.4.1_1,UGA.33.1_1,3.0,0
UGA.4.1_1,UGA.43.4_1,3.0,0
UGA.4.1_1,UGA.42.1_1,4.0,0
UGA.4.1_1,UGA.34.3_1,2.0,0
UGA.4.1_1,UGA.45.3_1,2.0,0
UGA.4.1_1,UGA.43.1_1,1.0,0
UGA.4.1_1,UGA.22.2_1,1.0,0
UGA.4.1_1,UGA.2.2_1,5.0,0
UGA.4.1_1,UGA.45.2_1,2.0,0
UGA.4.1_1,UGA.33.5_1,4.0,0
UGA.4.1_1,UGA.2.3_1,4.0,0
UGA.4.1_1,UGA.40.1_1,3.0,0
UGA.4.1_1,UGA.33.4_1,1.0,0
UGA.4.1_1,UGA.43.3_1,4.0,0
UGA.4.1_1,UGA.33.2_1,7.0,0
UGA.4.1_1,UGA.35.3_1,4.0,0
UGA.4.1_1,UGA.33.6_1,2.0,0
UGA.4.1_1,UGA.42.2_1,1.0,0
UGA.4.1_1,UGA.25.1_1,5.0,0
UGA.4.1_1,UGA.2.1_1,4.0,0
UGA.4.1_1,UGA.35.1_1,2.0,0
UGA.4.1_1,UGA.35.2_1,5.0,0
UGA.4.1_1,UGA.28.3_1,2.0,0
UGA.4.1_1,UGA.2.4_1,4.0,0
UGA.4.1_1,UGA.36.3_1,2.0,0
UGA.4.1_1,UGA.43.2_1,3.0,0
UGA.4.1_1,UGA.53.2_1,3.0,0
UGA.4.1_1,UGA.51.4_1,1.0,0
UGA.4.1_1,UGA.36.4_1,2.0,0
UGA.4.1_1,UGA.36.2_1,3.0,0
UGA.4.1_1,UGA.49.1_1,4.0,0
UGA.4.1_1,UGA.24.1_1,3.0,0
UGA.4.1_1,UGA.8.5_1,4.0,0
UGA.4.1_1,UGA.28.2_1,4.0,0
UGA.4.1_1,UGA.51.2_1,1.0,0
UGA.4.1_1,UGA.53.1_1,1.0,0
UGA.4.1_1,UGA.49.2_1,2.0,0
UGA.4.1_1,UGA.9.1_1,1.0,0
UGA.4.1_1,UGA.36.1_1,1.0,0
UGA.4.1_1,UGA.8.2_1,1.0,0
UGA.4.1_1,UGA.30.1_1,3.0,0
UGA.4.1_1,UGA.8.4_1,2.0,0
UGA.4.1_1,UGA.9.2_1,3.0,0
UGA.4.1_1,UGA.8.1_1,1.0,0
UGA.4.1_1,UGA.39.7_1,1.0,0
UGA.4.1_1,UGA.24.2_1,3.0,0
UGA.4.1_1,UGA.27.1_1,1.0,0
UGA.4.1_1,UGA.39.5_1,2.0,0
UGA.4.1_1,UGA.39.1_1,3.0,0
UGA.4.1_1,UGA.30.2_1,1.0,0
UGA.4.1_1,UGA.47.1_1,1.0,0
UGA.4.1_1,UGA.28.1_1,1.0,0
UGA.4.1_1,UGA.8.3_1,2.0,0
UGA.4.1_1,UGA.47.3_1,1.0,0
UGA.4.1_1,UGA.39.3_1,1.0,0
UGA.4.1_1,UGA.39.2_1,2.0,0
UGA.4.1_1,UGA.1.1_1,1.0,0
UGA.4.1_1,UGA.13.2_1,1.0,0
UGA.4.1_1,UGA.39.8_1,2.0,0
UGA.4.1_1,UGA.5.2_1,1.0,0
UGA.4.1_1,UGA.6.5_1,1.0,0
UGA.4.1_1,UGA.13.1_1,1.0,0
UGA.4.1_1,UGA.48.2_1,2.0,0
UGA.4.1_1,UGA.3.7_1,1.0,0
UGA.4.1_1,UGA.21.2_1,1.0,0
UGA.4.1_1,UGA.6.3_1,1.0,0
UGA.4.1_1,UGA.41.2_1,1.0,0
UGA.4.1_1,UGA.3.6_1,1.0,0
UGA.4.1_1,UGA.6.2_1,1.0,0
UGA.4.1_1,UGA.48.1_1,1.0,0
UGA.4.1_1,UGA.3.2_1,2.0,0
UGA.4.1_1,UGA.48.3_1,1.0,0
UGA.4.1_1,UGA.6.4_1,1.0,0
UGA.4.1_1,UGA.21.1_1,1.0,0
UGA.4.1_1,UGA.58.1_1,3.0,0
UGA.4.1_1,UGA.12.2_1,2.0,0
UGA.4.1_1,UGA.3.3_1,1.0,0
UGA.4.1_1,UGA.19.1_1,1.0,0
UGA.4.1_1,UGA.26.1_1,1.0,0
UGA.5.1_1,UGA.13.3_1,485.0,0
UGA.5.1_1,UGA.13.1_1,938.0,0
UGA.5.1_1,UGA.13.2_1,558.0,0
UGA.5.1_1,UGA.5.2_1,91.0,0
UGA.5.1_1,UGA.21.2_1,264.0,0
UGA.5.1_1,UGA.30.2_1,148.0,0
UGA.5.1_1,UGA.18.1_1,55.0,0
UGA.5.1_1,UGA.21.1_1,43.0,0
UGA.5.1_1,UGA.18.2_1,18.0,0
UGA.5.1_1,UGA.24.2_1,38.0,0
UGA.5.1_1,UGA.39.2_1,20.0,0
UGA.5.1_1,UGA.6.2_1,9.0,0
UGA.5.1_1,UGA.30.1_1,15.0,0
UGA.5.1_1,UGA.39.5_1,8.0,0
UGA.5.1_1,UGA.24.3_1,5.0,0
UGA.5.1_1,UGA.6.1_1,3.0,0
UGA.5.1_1,UGA.9.2_1,10.0,0
UGA.5.1_1,UGA.6.3_1,12.0,0
UGA.5.1_1,UGA.24.1_1,10.0,0
UGA.5.1_1,UGA.53.1_1,1.0,0
UGA.5.1_1,UGA.39.4_1,10.0,0
UGA.5.1_1,UGA.31.1_1,1.0,0
UGA.5.1_1,UGA.52.1_1,5.0,0
UGA.5.1_1,UGA.6.4_1,3.0,0
UGA.5.1_1,UGA.6.5_1,9.0,0
UGA.5.1_1,UGA.43.2_1,10.0,0
UGA.5.1_1,UGA.39.6_1,5.0,0
UGA.5.1_1,UGA.51.1_1,1.0,0
UGA.5.1_1,UGA.9.1_1,3.0,0
UGA.5.1_1,UGA.39.8_1,2.0,0
UGA.5.1_1,UGA.19.1_1,2.0,0
UGA.5.1_1,UGA.53.2_1,1.0,0
UGA.5.1_1,UGA.52.2_1,1.0,0
UGA.5.1_1,UGA.48.2_1,2.0,0
UGA.5.1_1,UGA.39.3_1,1.0,0
UGA.5.1_1,UGA.43.3_1,1.0,0
UGA.5.1_1,UGA.42.2_1,2.0,0
UGA.5.1_1,UGA.25.1_1,5.0,0
UGA.5.1_1,UGA.48.3_1,1.0,0
UGA.5.1_1,UGA.39.1_1,4.0,0
UGA.5.1_1,UGA.51.3_1,2.0,0
UGA.5.1_1,UGA.12.4_1,2.0,0
UGA.5.1_1,UGA.12.3_1,1.0,0
UGA.5.1_1,UGA.36.1_1,1.0,0
UGA.5.1_1,UGA.35.3_1,1.0,0
UGA.5.1_1,UGA.35.2_1,3.0,0
UGA.5.1_1,UGA.26.1_1,2.0,0
UGA.5.1_1,UGA.47.2_1,1.0,0
UGA.5.1_1,UGA.43.4_1,1.0,0
UGA.5.1_1,UGA.12.2_1,3.0,0
UGA.5.1_1,UGA.51.4_1,2.0,0
UGA.5.1_1,UGA.47.3_1,2.0,0
UGA.5.1_1,UGA.34.3_1,3.0,0
UGA.5.1_1,UGA.57.1_1,4.0,0
UGA.5.1_1,UGA.46.1_1,1.0,0
UGA.5.1_1,UGA.3.2_1,2.0,0
UGA.5.1_1,UGA.57.3_1,4.0,0
UGA.5.1_1,UGA.8.4_1,3.0,0
UGA.5.1_1,UGA.16.1_1,3.0,0
UGA.5.1_1,UGA.44.3_1,1.0,0
UGA.5.1_1,UGA.2.1_1,1.0,0
UGA.5.1_1,UGA.10.3_1,1.0,0
UGA.5.1_1,UGA.4.1_1,2.0,0
UGA.5.1_1,UGA.7.1_1,1.0,0
UGA.5.1_1,UGA.56.2_1,1.0,0
UGA.5.2_1,UGA.13.3_1,314.0,0
UGA.5.2_1,UGA.13.2_1,334.0,0
UGA.5.2_1,UGA.5.1_1,53.0,0
UGA.5.2_1,UGA.30.2_1,36.0,0
UGA.5.2_1,UGA.24.2_1,9.0,0
UGA.5.2_1,UGA.13.1_1,6.0,0
UGA.5.2_1,UGA.18.1_1,3.0,0
UGA.5.2_1,UGA.24.3_1,2.0,0
UGA.5.2_1,UGA.9.2_1,2.0,0
UGA.5.2_1,UGA.30.1_1,4.0,0
UGA.5.2_1,UGA.21.2_1,2.0,0
UGA.5.2_1,UGA.24.1_1,3.0,0
UGA.5.2_1,UGA.18.2_1,1.0,0
UGA.5.2_1,UGA.21.1_1,1.0,0
UGA.5.2_1,UGA.9.1_1,1.0,0
UGA.5.2_1,UGA.43.2_1,2.0,0
UGA.5.2_1,UGA.6.1_1,1.0,0
UGA.5.2_1,UGA.53.2_1,1.0,0
UGA.5.2_1,UGA.42.2_1,1.0,0
UGA.5.2_1,UGA.36.3_1,1.0,0
UGA.5.2_1,UGA.47.3_1,2.0,0
UGA.5.2_1,UGA.42.3_1,1.0,0
UGA.5.2_1,UGA.3.2_1,1.0,0
UGA.5.2_1,UGA.57.1_1,1.0,0
UGA.6.1_1,UGA.39.4_1,888.0,0
UGA.6.1_1,UGA.6.5_1,194.0,0
UGA.6.1_1,UGA.6.3_1,87.0,0
UGA.6.1_1,UGA.39.2_1,55.0,0
UGA.6.1_1,UGA.18.2_1,19.0,0
UGA.6.1_1,UGA.6.2_1,15.0,0
UGA.6.1_1,UGA.39.6_1,7.0,0
UGA.6.1_1,UGA.39.8_1,9.0,0
UGA.6.1_1,UGA.6.4_1,15.0,0
UGA.6.1_1,UGA.39.7_1,6.0,0
UGA.6.1_1,UGA.48.1_1,7.0,0
UGA.6.1_1,UGA.48.2_1,12.0,0
UGA.6.1_1,UGA.39.5_1,5.0,0
UGA.6.1_1,UGA.21.2_1,5.0,0
UGA.6.1_1,UGA.52.1_1,3.0,0
UGA.6.1_1,UGA.39.3_1,6.0,0
UGA.6.1_1,UGA.18.1_1,4.0,0
UGA.6.1_1,UGA.21.1_1,3.0,0
UGA.6.1_1,UGA.52.2_1,1.0,0
UGA.6.1_1,UGA.48.3_1,1.0,0
UGA.6.1_1,UGA.19.1_1,1.0,0
UGA.6.1_1,UGA.39.1_1,2.0,0
UGA.6.1_1,UGA.13.1_1,4.0,0
UGA.6.1_1,UGA.53.1_1,1.0,0
UGA.6.1_1,UGA.51.3_1,4.0,0
UGA.6.1_1,UGA.12.3_1,1.0,0
UGA.6.1_1,UGA.30.1_1,3.0,0
UGA.6.1_1,UGA.26.1_1,2.0,0
UGA.6.1_1,UGA.51.4_1,1.0,0
UGA.6.1_1,UGA.43.2_1,1.0,0
UGA.6.1_1,UGA.24.1_1,2.0,0
UGA.6.1_1,UGA.43.3_1,2.0,0
UGA.6.1_1,UGA.9.2_1,1.0,0
UGA.6.1_1,UGA.57.2_1,1.0,0
UGA.6.1_1,UGA.57.1_1,1.0,0
UGA.6.1_1,UGA.16.1_1,1.0,0
UGA.6.1_1,UGA.44.3_1,1.0,0
UGA.6.1_1,UGA.36.3_1,2.0,0
UGA.6.1_1,UGA.4.1_1,1.0,0
UGA.6.1_1,UGA.28.3_1,1.0,0
UGA.6.2_1,UGA.6.3_1,1082.0,0
UGA.6.2_1,UGA.6.1_1,142.0,0
UGA.6.2_1,UGA.6.4_1,140.0,0
UGA.6.2_1,UGA.21.1_1,117.0,0
UGA.6.2_1,UGA.52.1_1,49.0,0
UGA.6.2_1,UGA.21.2_1,54.0,0
UGA.6.2_1,UGA.18.2_1,15.0,0
UGA.6.2_1,UGA.6.5_1,13.0,0
UGA.6.2_1,UGA.39.2_1,15.0,0
UGA.6.2_1,UGA.48.1_1,6.0,0
UGA.6.2_1,UGA.39.4_1,11.0,0
UGA.6.2_1,UGA.19.1_1,12.0,0
UGA.6.2_1,UGA.52.2_1,5.0,0
UGA.6.2_1,UGA.39.8_1,3.0,0
UGA.6.2_1,UGA.39.6_1,2.0,0
UGA.6.2_1,UGA.48.2_1,8.0,0
UGA.6.2_1,UGA.13.1_1,5.0,0
UGA.6.2_1,UGA.18.1_1,3.0,0
UGA.6.2_1,UGA.48.3_1,2.0,0
UGA.6.2_1,UGA.39.5_1,6.0,0
UGA.6.2_1,UGA.39.3_1,4.0,0
UGA.6.2_1,UGA.39.7_1,2.0,0
UGA.6.2_1,UGA.12.4_1,3.0,0
UGA.6.2_1,UGA.12.3_1,4.0,0
UGA.6.2_1,UGA.13.2_1,3.0,0
UGA.6.2_1,UGA.13.3_1,2.0,0
UGA.6.2_1,UGA.5.1_1,2.0,0
UGA.6.2_1,UGA.12.1_1,1.0,0
UGA.6.2_1,UGA.26.1_1,3.0,0
UGA.6.2_1,UGA.30.2_1,4.0,0
UGA.6.2_1,UGA.39.1_1,2.0,0
UGA.6.2_1,UGA.51.1_1,1.0,0
UGA.6.2_1,UGA.53.1_1,1.0,0
UGA.6.2_1,UGA.30.1_1,1.0,0
UGA.6.2_1,UGA.24.3_1,1.0,0
UGA.6.2_1,UGA.24.2_1,3.0,0
UGA.6.2_1,UGA.35.4_1,1.0,0
UGA.6.2_1,UGA.42.2_1,2.0,0
UGA.6.2_1,UGA.9.2_1,2.0,0
UGA.6.2_1,UGA.42.1_1,1.0,0
UGA.6.2_1,UGA.57.1_1,2.0,0
UGA.6.2_1,UGA.16.1_1,1.0,0
UGA.6.2_1,UGA.34.2_1,1.0,0
UGA.6.2_1,UGA.44.3_1,1.0,0
UGA.6.2_1,UGA.44.1_1,1.0,0
UGA.6.2_1,UGA.11.1_1,1.0,0
UGA.6.2_1,UGA.10.3_1,1.0,0
UGA.6.2_1,UGA.58.1_1,1.0,0
UGA.6.3_1,UGA.6.4_1,1229.0,0
UGA.6.3_1,UGA.6.5_1,542.0,0
UGA.6.3_1,UGA.6.2_1,218.0,0
UGA.6.3_1,UGA.6.1_1,108.0,0
UGA.6.3_1,UGA.52.1_1,141.0,0
UGA.6.3_1,UGA.48.1_1,55.0,0
UGA.6.3_1,UGA.39.8_1,58.0,0
UGA.6.3_1,UGA.52.2_1,52.0,0
UGA.6.3_1,UGA.39.4_1,49.0,0
UGA.6.3_1,UGA.48.2_1,49.0,0
UGA.6.3_1,UGA.18.2_1,28.0,0
UGA.6.3_1,UGA.19.1_1,29.0,0
UGA.6.3_1,UGA.39.2_1,21.0,0
UGA.6.3_1,UGA.39.6_1,11.0,0
UGA.6.3_1,UGA.48.3_1,13.0,0
UGA.6.3_1,UGA.21.1_1,21.0,0
UGA.6.3_1,UGA.21.2_1,16.0,0
UGA.6.3_1,UGA.12.4_1,8.0,0
UGA.6.3_1,UGA.39.3_1,14.0,0
UGA.6.3_1,UGA.12.3_1,7.0,0
UGA.6.3_1,UGA.12.1_1,1.0,0
UGA.6.3_1,UGA.39.7_1,9.0,0
UGA.6.3_1,UGA.39.5_1,7.0,0
UGA.6.3_1,UGA.12.2_1,2.0,0
UGA.6.3_1,UGA.26.1_1,3.0,0
UGA.6.3_1,UGA.18.1_1,4.0,0
UGA.6.3_1,UGA.39.1_1,7.0,0
UGA.6.3_1,UGA.13.1_1,2.0,0
UGA.6.3_1,UGA.51.1_1,1.0,0
UGA.6.3_1,UGA.13.2_1,8.0,0
UGA.6.3_1,UGA.13.3_1,4.0,0
UGA.6.3_1,UGA.51.3_1,6.0,0
UGA.6.3_1,UGA.5.1_1,5.0,0
UGA.6.3_1,UGA.30.2_1,8.0,0
UGA.6.3_1,UGA.30.1_1,3.0,0
UGA.6.3_1,UGA.53.2_1,3.0,0
UGA.6.3_1,UGA.51.2_1,1.0,0
UGA.6.3_1,UGA.51.4_1,2.0,0
UGA.6.3_1,UGA.5.2_1,2.0,0
UGA.6.3_1,UGA.35.2_1,4.0,0
UGA.6.3_1,UGA.43.2_1,5.0,0
UGA.6.3_1,UGA.24.3_1,2.0,0
UGA.6.3_1,UGA.24.2_1,1.0,0
UGA.6.3_1,UGA.42.2_1,1.0,0
UGA.6.3_1,UGA.24.1_1,2.0,0
UGA.6.3_1,UGA.43.3_1,2.0,0
UGA.6.3_1,UGA.9.2_1,2.0,0
UGA.6.3_1,UGA.42.3_1,1.0,0
UGA.6.3_1,UGA.43.4_1,1.0,0
UGA.6.3_1,UGA.25.1_1,2.0,0
UGA.6.3_1,UGA.9.1_1,2.0,0
UGA.6.3_1,UGA.57.1_1,1.0,0
UGA.6.3_1,UGA.34.3_1,1.0,0
UGA.6.3_1,UGA.16.1_1,6.0,0
UGA.6.3_1,UGA.57.3_1,3.0,0
UGA.6.3_1,UGA.34.2_1,1.0,0
UGA.6.3_1,UGA.36.3_1,2.0,0
UGA.6.3_1,UGA.44.3_1,3.0,0
UGA.6.3_1,UGA.44.1_1,2.0,0
UGA.6.3_1,UGA.47.2_1,1.0,0
UGA.6.3_1,UGA.11.3_1,1.0,0
UGA.6.3_1,UGA.2.3_1,1.0,0
UGA.6.3_1,UGA.3.7_1,1.0,0
UGA.6.3_1,UGA.10.4_1,1.0,0
UGA.6.3_1,UGA.17.1_1,1.0,0
UGA.6.3_1,UGA.37.1_1,1.0,0
UGA.6.3_1,UGA.10.3_1,1.0,0
UGA.6.3_1,UGA.17.3_1,1.0,0
UGA.6.3_1,UGA.4.1_1,1.0,0
UGA.6.3_1,UGA.3.6_1,2.0,0
UGA.6.3_1,UGA.8.5_1,1.0,0
UGA.6.3_1,UGA.56.1_1,1.0,0
UGA.6.3_1,UGA.50.2_1,1.0,0
UGA.6.3_1,UGA.33.5_1,1.0,0
UGA.6.3_1,UGA.58.1_1,1.0,0
UGA.6.3_1,UGA.20.3_1,1.0,0
UGA.6.3_1,UGA.49.1_1,1.0,0
UGA.6.4_1,UGA.52.1_1,1043.0,0
UGA.6.4_1,UGA.6.3_1,417.0,0
UGA.6.4_1,UGA.48.1_1,110.0,0
UGA.6.4_1,UGA.52.2_1,90.0,0
UGA.6.4_1,UGA.6.5_1,114.0,0
UGA.6.4_1,UGA.19.1_1,81.0,0
UGA.6.4_1,UGA.6.2_1,32.0,0
UGA.6.4_1,UGA.48.3_1,26.0,0
UGA.6.4_1,UGA.6.1_1,22.0,0
UGA.6.4_1,UGA.48.2_1,27.0,0
UGA.6.4_1,UGA.39.8_1,17.0,0
UGA.6.4_1,UGA.12.4_1,9.0,0
UGA.6.4_1,UGA.12.3_1,18.0,0
UGA.6.4_1,UGA.39.4_1,10.0,0
UGA.6.4_1,UGA.39.6_1,7.0,0
UGA.6.4_1,UGA.12.1_1,2.0,0
UGA.6.4_1,UGA.26.1_1,13.0,0
UGA.6.4_1,UGA.18.2_1,3.0,0
UGA.6.4_1,UGA.12.2_1,6.0,0
UGA.6.4_1,UGA.21.1_1,9.0,0
UGA.6.4_1,UGA.39.3_1,10.0,0
UGA.6.4_1,UGA.39.2_1,7.0,0
UGA.6.4_1,UGA.21.2_1,9.0,0
UGA.6.4_1,UGA.39.7_1,2.0,0
UGA.6.4_1,UGA.39.1_1,4.0,0
UGA.6.4_1,UGA.39.5_1,4.0,0
UGA.6.4_1,UGA.18.1_1,7.0,0
UGA.6.4_1,UGA.13.1_1,3.0,0
UGA.6.4_1,UGA.51.1_1,1.0,0
UGA.6.4_1,UGA.51.3_1,1.0,0
UGA.6.4_1,UGA.13.2_1,3.0,0
UGA.6.4_1,UGA.5.1_1,2.0,0
UGA.6.4_1,UGA.30.2_1,2.0,0
UGA.6.4_1,UGA.30.1_1,3.0,0
UGA.6.4_1,UGA.51.2_1,3.0,0
UGA.6.4_1,UGA.35.4_1,1.0,0
UGA.6.4_1,UGA.43.2_1,1.0,0
UGA.6.4_1,UGA.24.3_1,1.0,0
UGA.6.4_1,UGA.24.2_1,1.0,0
UGA.6.4_1,UGA.42.2_1,1.0,0
UGA.6.4_1,UGA.24.1_1,1.0,0
UGA.6.4_1,UGA.43.3_1,2.0,0
UGA.6.4_1,UGA.42.3_1,1.0,0
UGA.6.4_1,UGA.43.4_1,1.0,0
UGA.6.4_1,UGA.25.1_1,2.0,0
UGA.6.4_1,UGA.9.1_1,1.0,0
UGA.6.4_1,UGA.57.1_1,1.0,0
UGA.6.4_1,UGA.34.3_1,1.0,0
UGA.6.4_1,UGA.16.1_1,3.0,0
UGA.6.4_1,UGA.57.3_1,1.0,0
UGA.6.4_1,UGA.34.2_1,2.0,0
UGA.6.4_1,UGA.44.3_1,1.0,0
UGA.6.4_1,UGA.44.1_1,1.0,0
UGA.6.4_1,UGA.36.4_1,1.0,0
UGA.6.4_1,UGA.47.1_1,1.0,0
UGA.6.4_1,UGA.10.3_1,1.0,0
UGA.6.4_1,UGA.3.2_1,1.0,0
UGA.6.4_1,UGA.2.4_1,1.0,0
UGA.6.4_1,UGA.4.1_1,1.0,0
UGA.6.4_1,UGA.7.1_1,1.0,0
UGA.6.4_1,UGA.20.1_1,1.0,0
UGA.6.4_1,UGA.45.1_1,1.0,0
UGA.6.5_1,UGA.39.8_1,1132.0,0
UGA.6.5_1,UGA.6.3_1,504.0,0
UGA.6.5_1,UGA.6.1_1,154.0,0
UGA.6.5_1,UGA.48.1_1,98.0,0
UGA.6.5_1,UGA.6.4_1,94.0,0
UGA.6.5_1,UGA.48.2_1,95.0,0
UGA.6.5_1,UGA.39.4_1,55.0,0
UGA.6.5_1,UGA.39.6_1,36.0,0
UGA.6.5_1,UGA.39.3_1,48.0,0
UGA.6.5_1,UGA.6.2_1,29.0,0
UGA.6.5_1,UGA.48.3_1,22.0,0
UGA.6.5_1,UGA.52.1_1,17.0,0
UGA.6.5_1,UGA.52.2_1,12.0,0
UGA.6.5_1,UGA.39.2_1,17.0,0
UGA.6.5_1,UGA.12.4_1,7.0,0
UGA.6.5_1,UGA.18.2_1,8.0,0
UGA.6.5_1,UGA.19.1_1,9.0,0
UGA.6.5_1,UGA.39.7_1,10.0,0
UGA.6.5_1,UGA.39.1_1,17.0,0
UGA.6.5_1,UGA.12.1_1,3.0,0
UGA.6.5_1,UGA.12.3_1,6.0,0
UGA.6.5_1,UGA.21.2_1,6.0,0
UGA.6.5_1,UGA.12.2_1,2.0,0
UGA.6.5_1,UGA.39.5_1,4.0,0
UGA.6.5_1,UGA.21.1_1,5.0,0
UGA.6.5_1,UGA.26.1_1,4.0,0
UGA.6.5_1,UGA.18.1_1,4.0,0
UGA.6.5_1,UGA.51.3_1,3.0,0
UGA.6.5_1,UGA.13.1_1,1.0,0
UGA.6.5_1,UGA.53.2_1,5.0,0
UGA.6.5_1,UGA.13.2_1,4.0,0
UGA.6.5_1,UGA.51.4_1,1.0,0
UGA.6.5_1,UGA.30.2_1,4.0,0
UGA.6.5_1,UGA.35.2_1,3.0,0
UGA.6.5_1,UGA.5.1_1,1.0,0
UGA.6.5_1,UGA.43.2_1,1.0,0
UGA.6.5_1,UGA.24.2_1,2.0,0
UGA.6.5_1,UGA.43.3_1,2.0,0
UGA.6.5_1,UGA.24.1_1,2.0,0
UGA.6.5_1,UGA.9.2_1,2.0,0
UGA.6.5_1,UGA.25.1_1,2.0,0
UGA.6.5_1,UGA.57.1_1,2.0,0
UGA.6.5_1,UGA.9.1_1,1.0,0
UGA.6.5_1,UGA.16.1_1,6.0,0
UGA.6.5_1,UGA.57.3_1,2.0,0
UGA.6.5_1,UGA.34.2_1,1.0,0
UGA.6.5_1,UGA.44.3_1,2.0,0
UGA.6.5_1,UGA.32.1_1,1.0,0
UGA.6.5_1,UGA.36.3_1,1.0,0
UGA.6.5_1,UGA.36.1_1,1.0,0
UGA.6.5_1,UGA.23.1_1,1.0,0
UGA.6.5_1,UGA.17.4_1,1.0,0
UGA.6.5_1,UGA.10.3_1,1.0,0
UGA.6.5_1,UGA.55.1_1,1.0,0
UGA.6.5_1,UGA.50.4_1,1.0,0
UGA.6.5_1,UGA.7.1_1,2.0,0
UGA.6.5_1,UGA.33.4_1,1.0,0
UGA.6.5_1,UGA.8.5_1,1.0,0
UGA.6.5_1,UGA.56.2_1,1.0,0
UGA.6.5_1,UGA.33.2_1,1.0,0
UGA.6.5_1,UGA.33.5_1,1.0,0
UGA.6.5_1,UGA.38.2_1,2.0,0
UGA.6.5_1,UGA.38.1_1,1.0,0
UGA.6.5_1,UGA.28.3_1,1.0,0
UGA.6.5_1,UGA.40.1_1,1.0,0
UGA.7.1_1,UGA.4.1_1,2742.0,0
UGA.7.1_1,UGA.56.2_1,354.0,0
UGA.7.1_1,UGA.56.3_1,27.0,0
UGA.7.1_1,UGA.56.4_1,138.0,0
UGA.7.1_1,UGA.10.1_1,105.0,0
UGA.7.1_1,UGA.56.1_1,112.0,0
UGA.7.1_1,UGA.37.1_1,157.0,0
UGA.7.1_1,UGA.10.2_1,56.0,0
UGA.7.1_1,UGA.38.1_1,64.0,0
UGA.7.1_1,UGA.10.3_1,48.0,0
UGA.7.1_1,UGA.38.2_1,48.0,0
UGA.7.1_1,UGA.50.1_1,18.0,0
UGA.7.1_1,UGA.50.3_1,19.0,0
UGA.7.1_1,UGA.38.4_1,7.0,0
UGA.7.1_1,UGA.11.1_1,11.0,0
UGA.7.1_1,UGA.38.3_1,10.0,0
UGA.7.1_1,UGA.10.4_1,13.0,0
UGA.7.1_1,UGA.50.2_1,19.0,0
UGA.7.1_1,UGA.44.2_1,5.0,0
UGA.7.1_1,UGA.11.2_1,1.0,0
UGA.7.1_1,UGA.54.1_1,17.0,0
UGA.7.1_1,UGA.17.3_1,13.0,0
UGA.7.1_1,UGA.11.3_1,12.0,0
UGA.7.1_1,UGA.50.4_1,5.0,0
UGA.7.1_1,UGA.54.3_1,1.0,0
UGA.7.1_1,UGA.17.4_1,3.0,0
UGA.7.1_1,UGA.29.1_1,8.0,0
UGA.7.1_1,UGA.44.1_1,11.0,0
UGA.7.1_1,UGA.20.3_1,1.0,0
UGA.7.1_1,UGA.54.2_1,5.0,0
UGA.7.1_1,UGA.29.2_1,6.0,0
UGA.7.1_1,UGA.23.2_1,2.0,0
UGA.7.1_1,UGA.17.2_1,13.0,0
UGA.7.1_1,UGA.20.1_1,2.0,0
UGA.7.1_1,UGA.29.3_1,1.0,0
UGA.7.1_1,UGA.20.2_1,1.0,0
UGA.7.1_1,UGA.55.2_1,4.0,0
UGA.7.1_1,UGA.44.4_1,9.0,0
UGA.7.1_1,UGA.17.1_1,2.0,0
UGA.7.1_1,UGA.44.3_1,10.0,0
UGA.7.1_1,UGA.23.1_1,3.0,0
UGA.7.1_1,UGA.32.1_1,3.0,0
UGA.7.1_1,UGA.34.1_1,1.0,0
UGA.7.1_1,UGA.16.1_1,17.0,0
UGA.7.1_1,UGA.55.4_1,5.0,0
UGA.7.1_1,UGA.57.3_1,11.0,0
UGA.7.1_1,UGA.45.1_1,3.0,0
UGA.7.1_1,UGA.22.3_1,1.0,0
UGA.7.1_1,UGA.34.2_1,4.0,0
UGA.7.1_1,UGA.57.2_1,2.0,0
UGA.7.1_1,UGA.57.1_1,7.0,0
UGA.7.1_1,UGA.33.3_1,1.0,0
UGA.7.1_1,UGA.33.1_1,2.0,0
UGA.7.1_1,UGA.22.2_1,1.0,0
UGA.7.1_1,UGA.42.3_1,1.0,0
UGA.7.1_1,UGA.43.4_1,4.0,0
UGA.7.1_1,UGA.34.3_1,1.0,0
UGA.7.1_1,UGA.2.2_1,2.0,0
UGA.7.1_1,UGA.40.1_1,3.0,0
UGA.7.1_1,UGA.2.3_1,2.0,0
UGA.7.1_1,UGA.33.2_1,1.0,0
UGA.7.1_1,UGA.33.6_1,2.0,0
UGA.7.1_1,UGA.2.1_1,1.0,0
UGA.7.1_1,UGA.43.3_1,1.0,0
UGA.7.1_1,UGA.35.3_1,1.0,0
UGA.7.1_1,UGA.42.2_1,1.0,0
UGA.7.1_1,UGA.25.1_1,1.0,0
UGA.7.1_1,UGA.35.1_1,1.0,0
UGA.7.1_1,UGA.2.4_1,2.0,0
UGA.7.1_1,UGA.35.2_1,1.0,0
UGA.7.1_1,UGA.28.2_1,1.0,0
UGA.7.1_1,UGA.51.4_1,1.0,0
UGA.7.1_1,UGA.53.2_1,2.0,0
UGA.7.1_1,UGA.51.2_1,1.0,0
UGA.7.1_1,UGA.51.3_1,2.0,0
UGA.7.1_1,UGA.36.1_1,1.0,0
UGA.7.1_1,UGA.30.1_1,2.0,0
UGA.7.1_1,UGA.8.1_1,2.0,0
UGA.7.1_1,UGA.9.2_1,1.0,0
UGA.7.1_1,UGA.39.1_1,2.0,0
UGA.7.1_1,UGA.47.1_1,1.0,0
UGA.7.1_1,UGA.47.3_1,1.0,0
UGA.7.1_1,UGA.39.6_1,1.0,0
UGA.7.1_1,UGA.39.3_1,1.0,0
UGA.7.1_1,UGA.1.1_1,1.0,0
UGA.7.1_1,UGA.48.2_1,2.0,0
UGA.7.1_1,UGA.21.2_1,1.0,0
UGA.7.1_1,UGA.3.2_1,1.0,0
UGA.7.1_1,UGA.6.4_1,2.0,0
UGA.8.1_1,UGA.8.2_1,867.0,0
UGA.8.1_1,UGA.8.5_1,339.0,0
UGA.8.1_1,UGA.8.3_1,128.0,0
UGA.8.1_1,UGA.49.2_1,76.0,0
UGA.8.1_1,UGA.2.4_1,81.0,0
UGA.8.1_1,UGA.27.2_1,23.0,0
UGA.8.1_1,UGA.1.1_1,18.0,0
UGA.8.1_1,UGA.8.4_1,20.0,0
UGA.8.1_1,UGA.2.1_1,23.0,0
UGA.8.1_1,UGA.33.4_1,7.0,0
UGA.8.1_1,UGA.33.2_1,13.0,0
UGA.8.1_1,UGA.41.2_1,1.0,0
UGA.8.1_1,UGA.41.1_1,1.0,0
UGA.8.1_1,UGA.49.1_1,5.0,0
UGA.8.1_1,UGA.27.1_1,10.0,0
UGA.8.1_1,UGA.36.4_1,6.0,0
UGA.8.1_1,UGA.33.6_1,4.0,0
UGA.8.1_1,UGA.2.3_1,6.0,0
UGA.8.1_1,UGA.33.5_1,5.0,0
UGA.8.1_1,UGA.2.2_1,1.0,0
UGA.8.1_1,UGA.47.1_1,1.0,0
UGA.8.1_1,UGA.58.1_1,7.0,0
UGA.8.1_1,UGA.3.6_1,1.0,0
UGA.8.1_1,UGA.47.3_1,2.0,0
UGA.8.1_1,UGA.36.1_1,1.0,0
UGA.8.1_1,UGA.33.3_1,1.0,0
UGA.8.1_1,UGA.3.7_1,1.0,0
UGA.8.1_1,UGA.14.2_1,3.0,0
UGA.8.1_1,UGA.3.2_1,3.0,0
UGA.8.1_1,UGA.3.5_1,2.0,0
UGA.8.1_1,UGA.3.3_1,1.0,0
UGA.8.1_1,UGA.47.2_1,1.0,0
UGA.8.1_1,UGA.28.2_1,1.0,0
UGA.8.1_1,UGA.46.1_1,1.0,0
UGA.8.1_1,UGA.55.1_1,1.0,0
UGA.8.1_1,UGA.17.1_1,2.0,0
UGA.8.1_1,UGA.22.3_1,1.0,0
UGA.8.1_1,UGA.29.3_1,1.0,0
UGA.8.1_1,UGA.25.1_1,1.0,0
UGA.8.1_1,UGA.17.2_1,2.0,0
UGA.8.1_1,UGA.34.2_1,1.0,0
UGA.8.1_1,UGA.29.2_1,1.0,0
UGA.8.1_1,UGA.29.1_1,1.0,0
UGA.8.1_1,UGA.43.4_1,1.0,0
UGA.8.1_1,UGA.57.3_1,1.0,0
UGA.8.1_1,UGA.56.1_1,1.0,0
UGA.8.1_1,UGA.16.1_1,1.0,0
UGA.8.1_1,UGA.37.1_1,1.0,0
UGA.8.1_1,UGA.4.1_1,1.0,0
UGA.8.2_1,UGA.8.5_1,1012.0,0
UGA.8.2_1,UGA.8.1_1,244.0,0
UGA.8.2_1,UGA.8.3_1,160.0,0
UGA.8.2_1,UGA.2.4_1,134.0,0
UGA.8.2_1,UGA.8.4_1,54.0,0
UGA.8.2_1,UGA.49.2_1,24.0,0
UGA.8.2_1,UGA.2.1_1,29.0,0
UGA.8.2_1,UGA.1.1_1,16.0,0
UGA.8.2_1,UGA.36.4_1,25.0,0
UGA.8.2_1,UGA.33.4_1,5.0,0
UGA.8.2_1,UGA.33.2_1,12.0,0
UGA.8.2_1,UGA.27.2_1,6.0,0
UGA.8.2_1,UGA.2.3_1,2.0,0
UGA.8.2_1,UGA.47.1_1,3.0,0
UGA.8.2_1,UGA.2.2_1,3.0,0
UGA.8.2_1,UGA.49.1_1,5.0,0
UGA.8.2_1,UGA.3.4_1,3.0,0
UGA.8.2_1,UGA.33.5_1,7.0,0
UGA.8.2_1,UGA.33.1_1,3.0,0
UGA.8.2_1,UGA.36.1_1,2.0,0
UGA.8.2_1,UGA.47.3_1,1.0,0
UGA.8.2_1,UGA.27.1_1,1.0,0
UGA.8.2_1,UGA.3.6_1,2.0,0
UGA.8.2_1,UGA.36.3_1,2.0,0
UGA.8.2_1,UGA.58.1_1,5.0,0
UGA.8.2_1,UGA.3.7_1,2.0,0
UGA.8.2_1,UGA.14.1_1,1.0,0
UGA.8.2_1,UGA.3.1_1,2.0,0
UGA.8.2_1,UGA.3.2_1,2.0,0
UGA.8.2_1,UGA.14.2_1,1.0,0
UGA.8.2_1,UGA.47.2_1,1.0,0
UGA.8.2_1,UGA.46.1_1,1.0,0
UGA.8.2_1,UGA.3.3_1,1.0,0
UGA.8.2_1,UGA.28.2_1,1.0,0
UGA.8.2_1,UGA.23.1_1,1.0,0
UGA.8.2_1,UGA.55.2_1,2.0,0
UGA.8.2_1,UGA.25.1_1,1.0,0
UGA.8.2_1,UGA.9.2_1,1.0,0
UGA.8.2_1,UGA.22.3_1,1.0,0
UGA.8.2_1,UGA.17.2_1,2.0,0
UGA.8.2_1,UGA.34.1_1,1.0,0
UGA.8.2_1,UGA.24.1_1,1.0,0
UGA.8.2_1,UGA.50.4_1,2.0,0
UGA.8.2_1,UGA.29.2_1,2.0,0
UGA.8.2_1,UGA.23.2_1,1.0,0
UGA.8.2_1,UGA.5.2_1,1.0,0
UGA.8.2_1,UGA.30.2_1,1.0,0
UGA.8.2_1,UGA.38.3_1,1.0,0
UGA.8.2_1,UGA.4.1_1,1.0,0
UGA.8.2_1,UGA.5.1_1,1.0,0
UGA.8.2_1,UGA.6.3_1,1.0,0
UGA.8.3_1,UGA.1.1_1,1290.0,0
UGA.8.3_1,UGA.8.2_1,296.0,0
UGA.8.3_1,UGA.8.1_1,168.0,0
UGA.8.3_1,UGA.8.4_1,158.0,0
UGA.8.3_1,UGA.41.1_1,18.0,0
UGA.8.3_1,UGA.41.2_1,35.0,0
UGA.8.3_1,UGA.8.5_1,83.0,0
UGA.8.3_1,UGA.3.4_1,49.0,0
UGA.8.3_1,UGA.3.6_1,39.0,0
UGA.8.3_1,UGA.47.1_1,34.0,0
UGA.8.3_1,UGA.58.1_1,70.0,0
UGA.8.3_1,UGA.2.4_1,33.0,0
UGA.8.3_1,UGA.27.2_1,4.0,0
UGA.8.3_1,UGA.49.2_1,8.0,0
UGA.8.3_1,UGA.47.3_1,10.0,0
UGA.8.3_1,UGA.36.4_1,12.0,0
UGA.8.3_1,UGA.3.7_1,4.0,0
UGA.8.3_1,UGA.3.1_1,2.0,0
UGA.8.3_1,UGA.3.2_1,7.0,0
UGA.8.3_1,UGA.3.5_1,3.0,0
UGA.8.3_1,UGA.3.3_1,5.0,0
UGA.8.3_1,UGA.2.1_1,6.0,0
UGA.8.3_1,UGA.47.2_1,4.0,0
UGA.8.3_1,UGA.36.1_1,3.0,0
UGA.8.3_1,UGA.33.4_1,4.0,0
UGA.8.3_1,UGA.33.2_1,3.0,0
UGA.8.3_1,UGA.2.3_1,8.0,0
UGA.8.3_1,UGA.27.1_1,2.0,0
UGA.8.3_1,UGA.2.2_1,1.0,0
UGA.8.3_1,UGA.49.1_1,1.0,0
UGA.8.3_1,UGA.36.3_1,3.0,0
UGA.8.3_1,UGA.36.2_1,1.0,0
UGA.8.3_1,UGA.33.6_1,1.0,0
UGA.8.3_1,UGA.33.5_1,3.0,0
UGA.8.3_1,UGA.33.3_1,3.0,0
UGA.8.3_1,UGA.9.1_1,9.0,0
UGA.8.3_1,UGA.46.1_1,4.0,0
UGA.8.3_1,UGA.14.1_1,1.0,0
UGA.8.3_1,UGA.28.3_1,2.0,0
UGA.8.3_1,UGA.14.2_1,1.0,0
UGA.8.3_1,UGA.22.1_1,3.0,0
UGA.8.3_1,UGA.28.2_1,2.0,0
UGA.8.3_1,UGA.34.3_1,2.0,0
UGA.8.3_1,UGA.25.1_1,1.0,0
UGA.8.3_1,UGA.55.4_1,3.0,0
UGA.8.3_1,UGA.17.1_1,3.0,0
UGA.8.3_1,UGA.23.1_1,1.0,0
UGA.8.3_1,UGA.24.1_1,3.0,0
UGA.8.3_1,UGA.55.2_1,1.0,0
UGA.8.3_1,UGA.34.1_1,3.0,0
UGA.8.3_1,UGA.40.1_1,1.0,0
UGA.8.3_1,UGA.24.2_1,6.0,0
UGA.8.3_1,UGA.29.3_1,1.0,0
UGA.8.3_1,UGA.50.4_1,1.0,0
UGA.8.3_1,UGA.29.2_1,1.0,0
UGA.8.3_1,UGA.44.4_1,1.0,0
UGA.8.3_1,UGA.43.2_1,2.0,0
UGA.8.3_1,UGA.50.2_1,1.0,0
UGA.8.3_1,UGA.16.1_1,5.0,0
UGA.8.3_1,UGA.13.2_1,1.0,0
UGA.8.3_1,UGA.38.2_1,2.0,0
UGA.8.3_1,UGA.38.1_1,1.0,0
UGA.8.3_1,UGA.18.2_1,1.0,0
UGA.8.4_1,UGA.47.1_1,1146.0,0
UGA.8.4_1,UGA.36.4_1,677.0,0
UGA.8.4_1,UGA.8.2_1,132.0,0
UGA.8.4_1,UGA.8.3_1,129.0,0
UGA.8.4_1,UGA.8.5_1,91.0,0
UGA.8.4_1,UGA.2.4_1,129.0,0
UGA.8.4_1,UGA.47.3_1,59.0,0
UGA.8.4_1,UGA.36.1_1,16.0,0
UGA.8.4_1,UGA.3.4_1,21.0,0
UGA.8.4_1,UGA.1.1_1,23.0,0
UGA.8.4_1,UGA.8.1_1,15.0,0
UGA.8.4_1,UGA.36.3_1,21.0,0
UGA.8.4_1,UGA.2.3_1,16.0,0
UGA.8.4_1,UGA.41.1_1,3.0,0
UGA.8.4_1,UGA.3.7_1,14.0,0
UGA.8.4_1,UGA.3.6_1,15.0,0
UGA.8.4_1,UGA.36.2_1,6.0,0
UGA.8.4_1,UGA.47.2_1,10.0,0
UGA.8.4_1,UGA.2.1_1,9.0,0
UGA.8.4_1,UGA.3.1_1,2.0,0
UGA.8.4_1,UGA.3.2_1,6.0,0
UGA.8.4_1,UGA.2.2_1,12.0,0
UGA.8.4_1,UGA.33.4_1,1.0,0
UGA.8.4_1,UGA.49.2_1,5.0,0
UGA.8.4_1,UGA.41.2_1,2.0,0
UGA.8.4_1,UGA.58.1_1,15.0,0
UGA.8.4_1,UGA.33.2_1,7.0,0
UGA.8.4_1,UGA.9.1_1,10.0,0
UGA.8.4_1,UGA.3.5_1,4.0,0
UGA.8.4_1,UGA.33.3_1,4.0,0
UGA.8.4_1,UGA.3.3_1,4.0,0
UGA.8.4_1,UGA.46.1_1,1.0,0
UGA.8.4_1,UGA.27.2_1,4.0,0
UGA.8.4_1,UGA.33.1_1,1.0,0
UGA.8.4_1,UGA.33.5_1,2.0,0
UGA.8.4_1,UGA.9.2_1,2.0,0
UGA.8.4_1,UGA.25.1_1,4.0,0
UGA.8.4_1,UGA.33.6_1,2.0,0
UGA.8.4_1,UGA.49.1_1,1.0,0
UGA.8.4_1,UGA.24.1_1,2.0,0
UGA.8.4_1,UGA.14.2_1,1.0,0
UGA.8.4_1,UGA.23.1_1,1.0,0
UGA.8.4_1,UGA.55.1_1,1.0,0
UGA.8.4_1,UGA.17.1_1,1.0,0
UGA.8.4_1,UGA.24.2_1,2.0,0
UGA.8.4_1,UGA.22.1_1,1.0,0
UGA.8.4_1,UGA.34.1_1,1.0,0
UGA.8.4_1,UGA.24.3_1,2.0,0
UGA.8.4_1,UGA.55.4_1,1.0,0
UGA.8.4_1,UGA.22.2_1,1.0,0
UGA.8.4_1,UGA.17.2_1,1.0,0
UGA.8.4_1,UGA.43.3_1,2.0,0
UGA.8.4_1,UGA.43.4_1,2.0,0
UGA.8.4_1,UGA.43.2_1,1.0,0
UGA.8.4_1,UGA.5.2_1,1.0,0
UGA.8.4_1,UGA.17.4_1,1.0,0
UGA.8.4_1,UGA.17.3_1,1.0,0
UGA.8.4_1,UGA.57.3_1,6.0,0
UGA.8.4_1,UGA.10.4_1,1.0,0
UGA.8.4_1,UGA.57.1_1,4.0,0
UGA.8.4_1,UGA.29.2_1,1.0,0
UGA.8.4_1,UGA.10.3_1,1.0,0
UGA.8.4_1,UGA.44.3_1,2.0,0
UGA.8.4_1,UGA.10.2_1,1.0,0
UGA.8.4_1,UGA.44.1_1,2.0,0
UGA.8.4_1,UGA.18.1_1,1.0,0
UGA.8.4_1,UGA.45.2_1,1.0,0
UGA.8.4_1,UGA.45.1_1,1.0,0
UGA.8.4_1,UGA.35.4_1,1.0,0
UGA.8.4_1,UGA.38.3_1,1.0,0
UGA.8.4_1,UGA.38.1_1,1.0,0
UGA.8.4_1,UGA.39.7_1,1.0,0
UGA.8.4_1,UGA.6.3_1,1.0,0
UGA.8.5_1,UGA.8.2_1,1043.0,0
UGA.8.5_1,UGA.2.4_1,733.0,0
UGA.8.5_1,UGA.8.1_1,96.0,0
UGA.8.5_1,UGA.2.1_1,115.0,0
UGA.8.5_1,UGA.49.2_1,49.0,0
UGA.8.5_1,UGA.33.4_1,23.0,0
UGA.8.5_1,UGA.33.2_1,69.0,0
UGA.8.5_1,UGA.8.3_1,25.0,0
UGA.8.5_1,UGA.8.4_1,29.0,0
UGA.8.5_1,UGA.2.2_1,18.0,0
UGA.8.5_1,UGA.36.4_1,24.0,0
UGA.8.5_1,UGA.2.3_1,7.0,0
UGA.8.5_1,UGA.33.5_1,13.0,0
UGA.8.5_1,UGA.1.1_1,13.0,0
UGA.8.5_1,UGA.49.1_1,9.0,0
UGA.8.5_1,UGA.33.6_1,6.0,0
UGA.8.5_1,UGA.27.2_1,8.0,0
UGA.8.5_1,UGA.33.1_1,7.0,0
UGA.8.5_1,UGA.33.3_1,4.0,0
UGA.8.5_1,UGA.27.1_1,9.0,0
UGA.8.5_1,UGA.47.1_1,7.0,0
UGA.8.5_1,UGA.41.1_1,1.0,0
UGA.8.5_1,UGA.14.1_1,2.0,0
UGA.8.5_1,UGA.36.3_1,2.0,0
UGA.8.5_1,UGA.14.2_1,3.0,0
UGA.8.5_1,UGA.41.2_1,2.0,0
UGA.8.5_1,UGA.36.1_1,2.0,0
UGA.8.5_1,UGA.3.4_1,1.0,0
UGA.8.5_1,UGA.28.3_1,1.0,0
UGA.8.5_1,UGA.47.3_1,3.0,0
UGA.8.5_1,UGA.46.1_1,3.0,0
UGA.8.5_1,UGA.22.1_1,3.0,0
UGA.8.5_1,UGA.36.2_1,1.0,0
UGA.8.5_1,UGA.55.1_1,2.0,0
UGA.8.5_1,UGA.58.1_1,2.0,0
UGA.8.5_1,UGA.17.1_1,3.0,0
UGA.8.5_1,UGA.55.2_1,1.0,0
UGA.8.5_1,UGA.3.1_1,1.0,0
UGA.8.5_1,UGA.3.2_1,1.0,0
UGA.8.5_1,UGA.23.1_1,1.0,0
UGA.8.5_1,UGA.9.1_1,1.0,0
UGA.8.5_1,UGA.34.3_1,3.0,0
UGA.8.5_1,UGA.22.3_1,1.0,0
UGA.8.5_1,UGA.29.3_1,1.0,0
UGA.8.5_1,UGA.17.2_1,3.0,0
UGA.8.5_1,UGA.50.4_1,2.0,0
UGA.8.5_1,UGA.17.3_1,6.0,0
UGA.8.5_1,UGA.17.4_1,2.0,0
UGA.8.5_1,UGA.50.2_1,2.0,0
UGA.8.5_1,UGA.50.3_1,1.0,0
UGA.8.5_1,UGA.29.1_1,1.0,0
UGA.8.5_1,UGA.11.3_1,1.0,0
UGA.8.5_1,UGA.57.3_1,2.0,0
UGA.8.5_1,UGA.54.2_1,1.0,0
UGA.8.5_1,UGA.43.3_1,1.0,0
UGA.8.5_1,UGA.11.1_1,1.0,0
UGA.8.5_1,UGA.24.2_1,2.0,0
UGA.8.5_1,UGA.16.1_1,1.0,0
UGA.8.5_1,UGA.54.1_1,1.0,0
UGA.8.5_1,UGA.38.2_1,2.0,0
UGA.8.5_1,UGA.44.1_1,1.0,0
UGA.8.5_1,UGA.44.3_1,1.0,0
UGA.8.5_1,UGA.30.1_1,1.0,0
UGA.8.5_1,UGA.18.1_1,2.0,0
UGA.8.5_1,UGA.19.1_1,1.0,0
UGA.8.5_1,UGA.12.3_1,1.0,0
UGA.8.5_1,UGA.26.1_1,1.0,0
UGA.9.1_1,UGA.36.2_1,792.0,0
UGA.9.1_1,UGA.9.2_1,1454.0,0
UGA.9.1_1,UGA.31.1_1,19.0,0
UGA.9.1_1,UGA.36.1_1,292.0,0
UGA.9.1_1,UGA.24.1_1,466.0,0
UGA.9.1_1,UGA.36.3_1,155.0,0
UGA.9.1_1,UGA.25.1_1,210.0,0
UGA.9.1_1,UGA.24.2_1,171.0,0
UGA.9.1_1,UGA.24.3_1,37.0,0
UGA.9.1_1,UGA.36.4_1,63.0,0
UGA.9.1_1,UGA.47.3_1,37.0,0
UGA.9.1_1,UGA.47.1_1,25.0,0
UGA.9.1_1,UGA.34.3_1,25.0,0
UGA.9.1_1,UGA.43.2_1,36.0,0
UGA.9.1_1,UGA.30.2_1,39.0,0
UGA.9.1_1,UGA.43.3_1,20.0,0
UGA.9.1_1,UGA.47.2_1,13.0,0
UGA.9.1_1,UGA.5.2_1,4.0,0
UGA.9.1_1,UGA.30.1_1,29.0,0
UGA.9.1_1,UGA.46.1_1,10.0,0
UGA.9.1_1,UGA.8.4_1,10.0,0
UGA.9.1_1,UGA.2.3_1,10.0,0
UGA.9.1_1,UGA.43.4_1,8.0,0
UGA.9.1_1,UGA.13.2_1,9.0,0
UGA.9.1_1,UGA.13.3_1,3.0,0
UGA.9.1_1,UGA.3.4_1,4.0,0
UGA.9.1_1,UGA.34.2_1,11.0,0
UGA.9.1_1,UGA.42.2_1,8.0,0
UGA.9.1_1,UGA.3.7_1,3.0,0
UGA.9.1_1,UGA.43.1_1,3.0,0
UGA.9.1_1,UGA.18.1_1,11.0,0
UGA.9.1_1,UGA.33.3_1,3.0,0
UGA.9.1_1,UGA.53.1_1,3.0,0
UGA.9.1_1,UGA.2.4_1,13.0,0
UGA.9.1_1,UGA.2.2_1,5.0,0
UGA.9.1_1,UGA.5.1_1,6.0,0
UGA.9.1_1,UGA.34.1_1,6.0,0
UGA.9.1_1,UGA.13.1_1,7.0,0
UGA.9.1_1,UGA.39.5_1,5.0,0
UGA.9.1_1,UGA.42.1_1,1.0,0
UGA.9.1_1,UGA.3.2_1,3.0,0
UGA.9.1_1,UGA.53.2_1,1.0,0
UGA.9.1_1,UGA.8.2_1,1.0,0
UGA.9.1_1,UGA.57.1_1,15.0,0
UGA.9.1_1,UGA.8.5_1,3.0,0
UGA.9.1_1,UGA.42.3_1,6.0,0
UGA.9.1_1,UGA.2.1_1,4.0,0
UGA.9.1_1,UGA.57.3_1,14.0,0
UGA.9.1_1,UGA.35.1_1,1.0,0
UGA.9.1_1,UGA.8.3_1,1.0,0
UGA.9.1_1,UGA.35.3_1,2.0,0
UGA.9.1_1,UGA.51.1_1,2.0,0
UGA.9.1_1,UGA.16.1_1,8.0,0
UGA.9.1_1,UGA.1.1_1,2.0,0
UGA.9.1_1,UGA.39.2_1,1.0,0
UGA.9.1_1,UGA.44.4_1,3.0,0
UGA.9.1_1,UGA.33.1_1,1.0,0
UGA.9.1_1,UGA.8.1_1,1.0,0
UGA.9.1_1,UGA.33.2_1,3.0,0
UGA.9.1_1,UGA.21.2_1,1.0,0
UGA.9.1_1,UGA.17.1_1,1.0,0
UGA.9.1_1,UGA.17.2_1,1.0,0
UGA.9.1_1,UGA.35.2_1,3.0,0
UGA.9.1_1,UGA.17.4_1,1.0,0
UGA.9.1_1,UGA.58.1_1,3.0,0
UGA.9.1_1,UGA.39.4_1,1.0,0
UGA.9.1_1,UGA.33.5_1,1.0,0
UGA.9.1_1,UGA.44.1_1,1.0,0
UGA.9.1_1,UGA.49.2_1,1.0,0
UGA.9.1_1,UGA.10.4_1,2.0,0
UGA.9.1_1,UGA.51.3_1,1.0,0
UGA.9.1_1,UGA.6.2_1,1.0,0
UGA.9.1_1,UGA.55.4_1,1.0,0
UGA.9.1_1,UGA.10.3_1,1.0,0
UGA.9.1_1,UGA.6.5_1,1.0,0
UGA.9.1_1,UGA.50.4_1,1.0,0
UGA.9.1_1,UGA.39.8_1,2.0,0
UGA.9.1_1,UGA.22.1_1,2.0,0
UGA.9.1_1,UGA.10.2_1,1.0,0
UGA.9.1_1,UGA.4.1_1,1.0,0
UGA.9.1_1,UGA.27.1_1,1.0,0
UGA.9.1_1,UGA.52.2_1,1.0,0
UGA.9.1_1,UGA.38.4_1,1.0,0
UGA.9.1_1,UGA.12.4_1,1.0,0
UGA.9.1_1,UGA.40.1_1,1.0,0
UGA.9.1_1,UGA.38.1_1,1.0,0
UGA.9.1_1,UGA.12.2_1,1.0,0
UGA.9.1_1,UGA.26.1_1,1.0,0
UGA.9.1_1,UGA.45.1_1,1.0,0
UGA.9.2_1,UGA.31.1_1,82.0,0
UGA.9.2_1,UGA.9.1_1,1919.0,0
UGA.9.2_1,UGA.24.2_1,737.0,0
UGA.9.2_1,UGA.24.1_1,324.0,0
UGA.9.2_1,UGA.24.3_1,88.0,0
UGA.9.2_1,UGA.36.2_1,30.0,0
UGA.9.2_1,UGA.30.2_1,149.0,0
UGA.9.2_1,UGA.5.2_1,14.0,0
UGA.9.2_1,UGA.25.1_1,79.0,0
UGA.9.2_1,UGA.36.1_1,18.0,0
UGA.9.2_1,UGA.30.1_1,51.0,0
UGA.9.2_1,UGA.36.3_1,16.0,0
UGA.9.2_1,UGA.43.2_1,47.0,0
UGA.9.2_1,UGA.13.2_1,24.0,0
UGA.9.2_1,UGA.13.3_1,2.0,0
UGA.9.2_1,UGA.43.3_1,17.0,0
UGA.9.2_1,UGA.18.1_1,21.0,0
UGA.9.2_1,UGA.34.3_1,13.0,0
UGA.9.2_1,UGA.47.3_1,20.0,0
UGA.9.2_1,UGA.5.1_1,9.0,0
UGA.9.2_1,UGA.13.1_1,8.0,0
UGA.9.2_1,UGA.36.4_1,10.0,0
UGA.9.2_1,UGA.53.1_1,3.0,0
UGA.9.2_1,UGA.47.1_1,3.0,0
UGA.9.2_1,UGA.47.2_1,9.0,0
UGA.9.2_1,UGA.39.5_1,4.0,0
UGA.9.2_1,UGA.42.2_1,2.0,0
UGA.9.2_1,UGA.43.4_1,4.0,0
UGA.9.2_1,UGA.46.1_1,3.0,0
UGA.9.2_1,UGA.53.2_1,3.0,0
UGA.9.2_1,UGA.8.4_1,2.0,0
UGA.9.2_1,UGA.18.2_1,4.0,0
UGA.9.2_1,UGA.39.2_1,4.0,0
UGA.9.2_1,UGA.2.3_1,4.0,0
UGA.9.2_1,UGA.34.2_1,5.0,0
UGA.9.2_1,UGA.21.2_1,3.0,0
UGA.9.2_1,UGA.51.1_1,1.0,0
UGA.9.2_1,UGA.35.1_1,2.0,0
UGA.9.2_1,UGA.3.7_1,3.0,0
UGA.9.2_1,UGA.3.4_1,3.0,0
UGA.9.2_1,UGA.35.3_1,5.0,0
UGA.9.2_1,UGA.42.3_1,4.0,0
UGA.9.2_1,UGA.39.7_1,2.0,0
UGA.9.2_1,UGA.57.1_1,15.0,0
UGA.9.2_1,UGA.21.1_1,7.0,0
UGA.9.2_1,UGA.33.3_1,1.0,0
UGA.9.2_1,UGA.3.1_1,2.0,0
UGA.9.2_1,UGA.57.3_1,8.0,0
UGA.9.2_1,UGA.3.2_1,2.0,0
UGA.9.2_1,UGA.6.1_1,1.0,0
UGA.9.2_1,UGA.2.4_1,3.0,0
UGA.9.2_1,UGA.2.2_1,2.0,0
UGA.9.2_1,UGA.35.2_1,4.0,0
UGA.9.2_1,UGA.39.4_1,1.0,0
UGA.9.2_1,UGA.16.1_1,6.0,0
UGA.9.2_1,UGA.3.6_1,1.0,0
UGA.9.2_1,UGA.39.6_1,1.0,0
UGA.9.2_1,UGA.3.5_1,2.0,0
UGA.9.2_1,UGA.44.3_1,1.0,0
UGA.9.2_1,UGA.23.2_1,3.0,0
UGA.9.2_1,UGA.39.8_1,1.0,0
UGA.9.2_1,UGA.17.1_1,2.0,0
UGA.9.2_1,UGA.33.1_1,1.0,0
UGA.9.2_1,UGA.17.4_1,1.0,0
UGA.9.2_1,UGA.8.1_1,1.0,0
UGA.9.2_1,UGA.33.2_1,1.0,0
UGA.9.2_1,UGA.44.1_1,1.0,0
UGA.9.2_1,UGA.3.3_1,1.0,0
UGA.9.2_1,UGA.52.1_1,1.0,0
UGA.9.2_1,UGA.48.2_1,1.0,0
UGA.9.2_1,UGA.48.1_1,1.0,0
UGA.9.2_1,UGA.11.2_1,2.0,0
UGA.9.2_1,UGA.10.4_1,1.0,0
UGA.9.2_1,UGA.19.1_1,1.0,0
UGA.9.2_1,UGA.32.1_1,1.0,0
UGA.9.2_1,UGA.50.4_1,1.0,0
UGA.9.2_1,UGA.12.4_1,1.0,0
UGA.9.2_1,UGA.37.1_1,2.0,0
UGA.9.2_1,UGA.10.1_1,1.0,0
UGA.9.2_1,UGA.10.2_1,1.0,0
UGA.9.2_1,UGA.22.1_1,1.0,0
UGA.9.2_1,UGA.12.1_1,1.0,0
UGA.9.2_1,UGA.29.2_1,1.0,0
UGA.9.2_1,UGA.22.3_1,1.0,0
UGA.9.2_1,UGA.29.1_1,1.0,0
UGA.10.1_1,UGA.10.3_1,1462.0,0
UGA.10.1_1,UGA.10.2_1,243.0,0
UGA.10.1_1,UGA.37.1_1,200.0,0
UGA.10.1_1,UGA.4.1_1,81.0,0
UGA.10.1_1,UGA.10.4_1,24.0,0
UGA.10.1_1,UGA.11.1_1,19.0,0
UGA.10.1_1,UGA.56.1_1,21.0,0
UGA.10.1_1,UGA.56.2_1,21.0,0
UGA.10.1_1,UGA.11.2_1,4.0,0
UGA.10.1_1,UGA.11.3_1,5.0,0
UGA.10.1_1,UGA.7.1_1,19.0,0
UGA.10.1_1,UGA.17.3_1,1.0,0
UGA.10.1_1,UGA.50.3_1,4.0,0
UGA.10.1_1,UGA.17.4_1,1.0,0
UGA.10.1_1,UGA.44.2_1,2.0,0
UGA.10.1_1,UGA.50.1_1,5.0,0
UGA.10.1_1,UGA.56.3_1,1.0,0
UGA.10.1_1,UGA.56.4_1,5.0,0
UGA.10.1_1,UGA.50.4_1,2.0,0
UGA.10.1_1,UGA.17.2_1,4.0,0
UGA.10.1_1,UGA.23.2_1,5.0,0
UGA.10.1_1,UGA.44.1_1,8.0,0
UGA.10.1_1,UGA.50.2_1,3.0,0
UGA.10.1_1,UGA.38.2_1,5.0,0
UGA.10.1_1,UGA.44.4_1,2.0,0
UGA.10.1_1,UGA.38.1_1,3.0,0
UGA.10.1_1,UGA.17.1_1,1.0,0
UGA.10.1_1,UGA.55.2_1,2.0,0
UGA.10.1_1,UGA.29.3_1,1.0,0
UGA.10.1_1,UGA.54.1_1,2.0,0
UGA.10.1_1,UGA.38.3_1,1.0,0
UGA.10.1_1,UGA.29.1_1,3.0,0
UGA.10.1_1,UGA.44.3_1,3.0,0
UGA.10.1_1,UGA.29.2_1,1.0,0
UGA.10.1_1,UGA.55.1_1,1.0,0
UGA.10.1_1,UGA.34.1_1,2.0,0
UGA.10.1_1,UGA.57.3_1,5.0,0
UGA.10.1_1,UGA.16.1_1,1.0,0
UGA.10.1_1,UGA.34.2_1,1.0,0
UGA.10.1_1,UGA.57.1_1,2.0,0
UGA.10.1_1,UGA.57.2_1,1.0,0
UGA.10.1_1,UGA.33.3_1,2.0,0
UGA.10.1_1,UGA.45.3_1,1.0,0
UGA.10.1_1,UGA.2.1_1,1.0,0
UGA.10.1_1,UGA.25.1_1,1.0,0
UGA.10.1_1,UGA.36.3_1,1.0,0
UGA.10.1_1,UGA.40.3_1,1.0,0
UGA.10.1_1,UGA.43.2_1,1.0,0
UGA.10.1_1,UGA.51.4_1,1.0,0
UGA.10.1_1,UGA.9.1_1,1.0,0
UGA.10.1_1,UGA.30.2_1,1.0,0
UGA.10.1_1,UGA.27.2_1,1.0,0
UGA.10.1_1,UGA.6.2_1,1.0,0
UGA.10.2_1,UGA.50.3_1,1594.0,0
UGA.10.2_1,UGA.10.3_1,754.0,0
UGA.10.2_1,UGA.56.1_1,266.0,0
UGA.10.2_1,UGA.10.1_1,108.0,0
UGA.10.2_1,UGA.17.3_1,105.0,0
UGA.10.2_1,UGA.10.4_1,84.0,0
UGA.10.2_1,UGA.50.1_1,56.0,0
UGA.10.2_1,UGA.50.4_1,45.0,0
UGA.10.2_1,UGA.56.2_1,47.0,0
UGA.10.2_1,UGA.50.2_1,17.0,0
UGA.10.2_1,UGA.4.1_1,63.0,0
UGA.10.2_1,UGA.11.1_1,18.0,0
UGA.10.2_1,UGA.56.4_1,19.0,0
UGA.10.2_1,UGA.37.1_1,23.0,0
UGA.10.2_1,UGA.56.3_1,5.0,0
UGA.10.2_1,UGA.38.4_1,3.0,0
UGA.10.2_1,UGA.38.2_1,20.0,0
UGA.10.2_1,UGA.7.1_1,12.0,0
UGA.10.2_1,UGA.17.4_1,8.0,0
UGA.10.2_1,UGA.11.3_1,5.0,0
UGA.10.2_1,UGA.17.2_1,9.0,0
UGA.10.2_1,UGA.29.3_1,6.0,0
UGA.10.2_1,UGA.11.2_1,2.0,0
UGA.10.2_1,UGA.55.2_1,4.0,0
UGA.10.2_1,UGA.38.1_1,12.0,0
UGA.10.2_1,UGA.29.1_1,4.0,0
UGA.10.2_1,UGA.29.2_1,3.0,0
UGA.10.2_1,UGA.17.1_1,9.0,0
UGA.10.2_1,UGA.54.1_1,3.0,0
UGA.10.2_1,UGA.23.2_1,3.0,0
UGA.10.2_1,UGA.38.3_1,3.0,0
UGA.10.2_1,UGA.55.1_1,4.0,0
UGA.10.2_1,UGA.44.2_1,1.0,0
UGA.10.2_1,UGA.54.2_1,2.0,0
UGA.10.2_1,UGA.44.1_1,4.0,0
UGA.10.2_1,UGA.44.4_1,2.0,0
UGA.10.2_1,UGA.20.3_1,1.0,0
UGA.10.2_1,UGA.55.4_1,4.0,0
UGA.10.2_1,UGA.14.1_1,4.0,0
UGA.10.2_1,UGA.34.1_1,1.0,0
UGA.10.2_1,UGA.20.2_1,2.0,0
UGA.10.2_1,UGA.44.3_1,6.0,0
UGA.10.2_1,UGA.22.1_1,1.0,0
UGA.10.2_1,UGA.57.3_1,8.0,0
UGA.10.2_1,UGA.34.2_1,3.0,0
UGA.10.2_1,UGA.33.3_1,2.0,0
UGA.10.2_1,UGA.16.1_1,11.0,0
UGA.10.2_1,UGA.33.1_1,2.0,0
UGA.10.2_1,UGA.45.1_1,1.0,0
UGA.10.2_1,UGA.57.1_1,5.0,0
UGA.10.2_1,UGA.2.2_1,1.0,0
UGA.10.2_1,UGA.33.5_1,1.0,0
UGA.10.2_1,UGA.45.3_1,1.0,0
UGA.10.2_1,UGA.34.3_1,1.0,0
UGA.10.2_1,UGA.45.2_1,1.0,0
UGA.10.2_1,UGA.33.2_1,1.0,0
UGA.10.2_1,UGA.2.3_1,1.0,0
UGA.10.2_1,UGA.40.1_1,1.0,0
UGA.10.2_1,UGA.42.3_1,1.0,0
UGA.10.2_1,UGA.2.4_1,1.0,0
UGA.10.2_1,UGA.43.2_1,1.0,0
UGA.10.2_1,UGA.53.2_1,1.0,0
UGA.10.2_1,UGA.27.1_1,1.0,0
UGA.10.2_1,UGA.30.1_1,1.0,0
UGA.10.2_1,UGA.24.2_1,2.0,0
UGA.10.2_1,UGA.39.5_1,1.0,0
UGA.10.2_1,UGA.18.1_1,1.0,0
UGA.10.2_1,UGA.39.4_1,2.0,0
UGA.10.2_1,UGA.58.1_1,1.0,0
UGA.10.2_1,UGA.21.2_1,1.0,0
UGA.10.2_1,UGA.3.3_1,1.0,0
UGA.11.2_1,UGA.11.1_1,644.0,0
UGA.11.2_1,UGA.11.3_1,112.0,0
UGA.11.2_1,UGA.44.1_1,62.0,0
UGA.11.2_1,UGA.44.2_1,6.0,0
UGA.11.2_1,UGA.37.1_1,23.0,0
UGA.11.2_1,UGA.17.4_1,1.0,0
UGA.11.2_1,UGA.23.2_1,3.0,0
UGA.11.2_1,UGA.10.4_1,6.0,0
UGA.11.2_1,UGA.10.3_1,3.0,0
UGA.11.2_1,UGA.44.4_1,2.0,0
UGA.11.2_1,UGA.44.3_1,6.0,0
UGA.11.2_1,UGA.17.2_1,1.0,0
UGA.11.2_1,UGA.4.1_1,2.0,0
UGA.11.2_1,UGA.10.2_1,2.0,0
UGA.11.2_1,UGA.16.1_1,1.0,0
UGA.11.2_1,UGA.57.3_1,2.0,0
UGA.11.2_1,UGA.7.1_1,1.0,0
UGA.11.2_1,UGA.17.1_1,1.0,0
UGA.11.2_1,UGA.57.1_1,2.0,0
UGA.11.2_1,UGA.56.1_1,2.0,0
UGA.11.2_1,UGA.34.3_1,1.0,0
UGA.11.2_1,UGA.2.3_1,1.0,0
UGA.11.2_1,UGA.24.2_1,1.0,0
UGA.11.3_1,UGA.11.1_1,1134.0,0
UGA.11.3_1,UGA.11.2_1,229.0,0
UGA.11.3_1,UGA.17.4_1,320.0,0
UGA.11.3_1,UGA.23.2_1,220.0,0
UGA.11.3_1,UGA.10.4_1,141.0,0
UGA.11.3_1,UGA.44.1_1,141.0,0
UGA.11.3_1,UGA.44.4_1,36.0,0
UGA.11.3_1,UGA.10.3_1,52.0,0
UGA.11.3_1,UGA.17.2_1,45.0,0
UGA.11.3_1,UGA.37.1_1,36.0,0
UGA.11.3_1,UGA.44.2_1,3.0,0
UGA.11.3_1,UGA.10.1_1,9.0,0
UGA.11.3_1,UGA.44.3_1,16.0,0
UGA.11.3_1,UGA.34.1_1,5.0,0
UGA.11.3_1,UGA.17.3_1,3.0,0
UGA.11.3_1,UGA.10.2_1,6.0,0
UGA.11.3_1,UGA.23.1_1,7.0,0
UGA.11.3_1,UGA.57.3_1,24.0,0
UGA.11.3_1,UGA.16.1_1,16.0,0
UGA.11.3_1,UGA.4.1_1,3.0,0
UGA.11.3_1,UGA.17.1_1,2.0,0
UGA.11.3_1,UGA.34.2_1,3.0,0
UGA.11.3_1,UGA.50.3_1,4.0,0
UGA.11.3_1,UGA.50.4_1,4.0,0
UGA.11.3_1,UGA.56.1_1,3.0,0
UGA.11.3_1,UGA.57.1_1,4.0,0
UGA.11.3_1,UGA.7.1_1,3.0,0
UGA.11.3_1,UGA.56.2_1,4.0,0
UGA.11.3_1,UGA.55.1_1,1.0,0
UGA.11.3_1,UGA.56.4_1,1.0,0
UGA.11.3_1,UGA.29.3_1,1.0,0
UGA.11.3_1,UGA.33.3_1,1.0,0
UGA.11.3_1,UGA.29.2_1,1.0,0
UGA.11.3_1,UGA.38.1_1,1.0,0
UGA.11.3_1,UGA.29.1_1,1.0,0
UGA.11.3_1,UGA.38.3_1,2.0,0
UGA.11.3_1,UGA.43.3_1,2.0,0
UGA.11.3_1,UGA.2.3_1,1.0,0
UGA.11.3_1,UGA.33.2_1,2.0,0
UGA.11.3_1,UGA.36.3_1,1.0,0
UGA.11.3_1,UGA.43.2_1,1.0,0
UGA.11.3_1,UGA.33.6_1,1.0,0
UGA.11.3_1,UGA.2.4_1,1.0,0
UGA.11.3_1,UGA.8.5_1,2.0,0
UGA.11.3_1,UGA.28.3_1,1.0,0
UGA.11.3_1,UGA.28.2_1,1.0,0
UGA.11.3_1,UGA.47.1_1,1.0,0
UGA.11.3_1,UGA.13.2_1,1.0,0
UGA.11.3_1,UGA.21.1_1,1.0,0
UGA.11.3_1,UGA.58.1_1,2.0,0
UGA.12.1_1,UGA.12.2_1,475.0,0
UGA.12.1_1,UGA.12.3_1,39.0,0
UGA.12.1_1,UGA.12.4_1,16.0,0
UGA.12.1_1,UGA.48.3_1,9.0,0
UGA.12.1_1,UGA.26.1_1,5.0,0
UGA.12.1_1,UGA.52.2_1,1.0,0
UGA.12.1_1,UGA.48.1_1,1.0,0
UGA.12.1_1,UGA.19.1_1,3.0,0
UGA.12.1_1,UGA.48.2_1,2.0,0
UGA.12.1_1,UGA.6.4_1,1.0,0
UGA.12.1_1,UGA.52.1_1,1.0,0
UGA.12.1_1,UGA.6.3_1,1.0,0
UGA.12.1_1,UGA.39.6_1,2.0,0
UGA.12.1_1,UGA.39.7_1,1.0,0
UGA.12.1_1,UGA.51.3_1,1.0,0
UGA.12.1_1,UGA.35.2_1,1.0,0
UGA.12.1_1,UGA.53.2_1,1.0,0
UGA.12.1_1,UGA.43.2_1,1.0,0
UGA.12.1_1,UGA.16.1_1,1.0,0
UGA.12.1_1,UGA.37.1_1,1.0,0
UGA.12.1_1,UGA.20.1_1,1.0,0
UGA.12.2_1,UGA.12.1_1,418.0,0
UGA.12.2_1,UGA.12.4_1,548.0,0
UGA.12.2_1,UGA.12.3_1,436.0,0
UGA.12.2_1,UGA.48.3_1,162.0,0
UGA.12.2_1,UGA.26.1_1,157.0,0
UGA.12.2_1,UGA.52.2_1,53.0,0
UGA.12.2_1,UGA.48.1_1,37.0,0
UGA.12.2_1,UGA.48.2_1,55.0,0
UGA.12.2_1,UGA.19.1_1,41.0,0
UGA.12.2_1,UGA.6.4_1,19.0,0
UGA.12.2_1,UGA.52.1_1,15.0,0
UGA.12.2_1,UGA.39.8_1,18.0,0
UGA.12.2_1,UGA.6.5_1,12.0,0
UGA.12.2_1,UGA.39.3_1,16.0,0
UGA.12.2_1,UGA.6.3_1,7.0,0
UGA.12.2_1,UGA.39.6_1,5.0,0
UGA.12.2_1,UGA.39.4_1,5.0,0
UGA.12.2_1,UGA.6.1_1,3.0,0
UGA.12.2_1,UGA.39.1_1,7.0,0
UGA.12.2_1,UGA.6.2_1,3.0,0
UGA.12.2_1,UGA.39.7_1,3.0,0
UGA.12.2_1,UGA.39.2_1,5.0,0
UGA.12.2_1,UGA.18.2_1,2.0,0
UGA.12.2_1,UGA.21.1_1,7.0,0
UGA.12.2_1,UGA.51.3_1,5.0,0
UGA.12.2_1,UGA.21.2_1,5.0,0
UGA.12.2_1,UGA.51.2_1,1.0,0
UGA.12.2_1,UGA.51.1_1,2.0,0
UGA.12.2_1,UGA.18.1_1,5.0,0
UGA.12.2_1,UGA.51.4_1,1.0,0
UGA.12.2_1,UGA.53.1_1,2.0,0
UGA.12.2_1,UGA.35.2_1,2.0,0
UGA.12.2_1,UGA.53.2_1,2.0,0
UGA.12.2_1,UGA.13.2_1,2.0,0
UGA.12.2_1,UGA.30.1_1,3.0,0
UGA.12.2_1,UGA.30.2_1,4.0,0
UGA.12.2_1,UGA.35.3_1,2.0,0
UGA.12.2_1,UGA.43.2_1,1.0,0
UGA.12.2_1,UGA.5.2_1,1.0,0
UGA.12.2_1,UGA.24.3_1,3.0,0
UGA.12.2_1,UGA.24.2_1,3.0,0
UGA.12.2_1,UGA.43.3_1,1.0,0
UGA.12.2_1,UGA.42.3_1,3.0,0
UGA.12.2_1,UGA.24.1_1,1.0,0
UGA.12.2_1,UGA.43.4_1,1.0,0
UGA.12.2_1,UGA.9.2_1,2.0,0
UGA.12.2_1,UGA.57.1_1,3.0,0
UGA.12.2_1,UGA.16.1_1,5.0,0
UGA.12.2_1,UGA.57.3_1,1.0,0
UGA.12.2_1,UGA.44.4_1,1.0,0
UGA.12.2_1,UGA.44.2_1,1.0,0
UGA.12.2_1,UGA.11.2_1,1.0,0
UGA.12.2_1,UGA.11.3_1,1.0,0
UGA.12.2_1,UGA.36.4_1,1.0,0
UGA.12.2_1,UGA.47.3_1,1.0,0
UGA.12.2_1,UGA.33.3_1,1.0,0
UGA.12.2_1,UGA.4.1_1,1.0,0
UGA.12.2_1,UGA.17.3_1,1.0,0
UGA.12.2_1,UGA.7.1_1,1.0,0
UGA.12.2_1,UGA.50.3_1,1.0,0
UGA.12.2_1,UGA.56.1_1,1.0,0
UGA.12.2_1,UGA.3.5_1,1.0,0
UGA.12.2_1,UGA.38.1_1,1.0,0
UGA.12.2_1,UGA.38.3_1,1.0,0
UGA.12.2_1,UGA.22.3_1,1.0,0
UGA.12.3_1,UGA.12.1_1,477.0,0
UGA.12.3_1,UGA.26.1_1,1051.0,0
UGA.12.3_1,UGA.12.2_1,205.0,0
UGA.12.3_1,UGA.12.4_1,99.0,0
UGA.12.3_1,UGA.52.2_1,107.0,0
UGA.12.3_1,UGA.48.3_1,57.0,0
UGA.12.3_1,UGA.19.1_1,97.0,0
UGA.12.3_1,UGA.48.1_1,33.0,0
UGA.12.3_1,UGA.52.1_1,35.0,0
UGA.12.3_1,UGA.6.4_1,30.0,0
UGA.12.3_1,UGA.48.2_1,39.0,0
UGA.12.3_1,UGA.6.5_1,27.0,0
UGA.12.3_1,UGA.6.3_1,23.0,0
UGA.12.3_1,UGA.39.8_1,7.0,0
UGA.12.3_1,UGA.39.3_1,14.0,0
UGA.12.3_1,UGA.6.2_1,7.0,0
UGA.12.3_1,UGA.39.6_1,10.0,0
UGA.12.3_1,UGA.6.1_1,4.0,0
UGA.12.3_1,UGA.39.4_1,6.0,0
UGA.12.3_1,UGA.39.1_1,17.0,0
UGA.12.3_1,UGA.21.1_1,3.0,0
UGA.12.3_1,UGA.39.2_1,11.0,0
UGA.12.3_1,UGA.18.2_1,1.0,0
UGA.12.3_1,UGA.21.2_1,9.0,0
UGA.12.3_1,UGA.39.7_1,2.0,0
UGA.12.3_1,UGA.51.3_1,5.0,0
UGA.12.3_1,UGA.39.5_1,1.0,0
UGA.12.3_1,UGA.18.1_1,6.0,0
UGA.12.3_1,UGA.51.1_1,1.0,0
UGA.12.3_1,UGA.51.2_1,3.0,0
UGA.12.3_1,UGA.13.1_1,2.0,0
UGA.12.3_1,UGA.53.1_1,1.0,0
UGA.12.3_1,UGA.51.4_1,1.0,0
UGA.12.3_1,UGA.13.2_1,4.0,0
UGA.12.3_1,UGA.5.1_1,2.0,0
UGA.12.3_1,UGA.53.2_1,4.0,0
UGA.12.3_1,UGA.35.2_1,2.0,0
UGA.12.3_1,UGA.30.1_1,2.0,0
UGA.12.3_1,UGA.30.2_1,2.0,0
UGA.12.3_1,UGA.35.1_1,1.0,0
UGA.12.3_1,UGA.35.3_1,3.0,0
UGA.12.3_1,UGA.43.2_1,2.0,0
UGA.12.3_1,UGA.24.3_1,2.0,0
UGA.12.3_1,UGA.24.2_1,1.0,0
UGA.12.3_1,UGA.15.1_1,1.0,0
UGA.12.3_1,UGA.43.3_1,2.0,0
UGA.12.3_1,UGA.42.1_1,1.0,0
UGA.12.3_1,UGA.42.3_1,3.0,0
UGA.12.3_1,UGA.9.2_1,3.0,0
UGA.12.3_1,UGA.25.1_1,3.0,0
UGA.12.3_1,UGA.57.1_1,1.0,0
UGA.12.3_1,UGA.9.1_1,2.0,0
UGA.12.3_1,UGA.16.1_1,6.0,0
UGA.12.3_1,UGA.57.3_1,5.0,0
UGA.12.3_1,UGA.44.3_1,2.0,0
UGA.12.3_1,UGA.44.1_1,2.0,0
UGA.12.3_1,UGA.33.3_1,1.0,0
UGA.12.3_1,UGA.10.3_1,2.0,0
UGA.12.3_1,UGA.4.1_1,1.0,0
UGA.12.3_1,UGA.3.4_1,1.0,0
UGA.12.3_1,UGA.56.4_1,2.0,0
UGA.12.3_1,UGA.28.3_1,1.0,0
UGA.12.4_1,UGA.48.3_1,698.0,0
UGA.12.4_1,UGA.12.1_1,71.0,0
UGA.12.4_1,UGA.12.2_1,196.0,0
UGA.12.4_1,UGA.12.3_1,91.0,0
UGA.12.4_1,UGA.52.2_1,24.0,0
UGA.12.4_1,UGA.48.1_1,19.0,0
UGA.12.4_1,UGA.48.2_1,27.0,0
UGA.12.4_1,UGA.26.1_1,28.0,0
UGA.12.4_1,UGA.19.1_1,17.0,0
UGA.12.4_1,UGA.6.4_1,7.0,0
UGA.12.4_1,UGA.6.5_1,5.0,0
UGA.12.4_1,UGA.39.8_1,5.0,0
UGA.12.4_1,UGA.52.1_1,4.0,0
UGA.12.4_1,UGA.6.3_1,5.0,0
UGA.12.4_1,UGA.39.6_1,1.0,0
UGA.12.4_1,UGA.39.4_1,5.0,0
UGA.12.4_1,UGA.6.2_1,2.0,0
UGA.12.4_1,UGA.39.2_1,2.0,0
UGA.12.4_1,UGA.39.7_1,1.0,0
UGA.12.4_1,UGA.21.1_1,5.0,0
UGA.12.4_1,UGA.21.2_1,1.0,0
UGA.12.4_1,UGA.51.3_1,1.0,0
UGA.12.4_1,UGA.39.5_1,1.0,0
UGA.12.4_1,UGA.51.1_1,1.0,0
UGA.12.4_1,UGA.51.2_1,1.0,0
UGA.12.4_1,UGA.18.1_1,1.0,0
UGA.12.4_1,UGA.13.1_1,1.0,0
UGA.12.4_1,UGA.53.2_1,2.0,0
UGA.12.4_1,UGA.35.2_1,1.0,0
UGA.12.4_1,UGA.30.2_1,1.0,0
UGA.12.4_1,UGA.43.2_1,1.0,0
UGA.12.4_1,UGA.43.3_1,1.0,0
UGA.12.4_1,UGA.24.1_1,1.0,0
UGA.12.4_1,UGA.43.4_1,1.0,0
UGA.12.4_1,UGA.57.1_1,1.0,0
UGA.12.4_1,UGA.16.1_1,1.0,0
UGA.12.4_1,UGA.34.1_1,1.0,0
UGA.12.4_1,UGA.36.3_1,2.0,0
UGA.12.4_1,UGA.23.1_1,1.0,0
UGA.12.4_1,UGA.3.6_1,1.0,0
UGA.13.1_1,UGA.13.3_1,473.0,0
UGA.13.1_1,UGA.13.2_1,886.0,0
UGA.13.1_1,UGA.5.1_1,238.0,0
UGA.13.1_1,UGA.21.2_1,184.0,0
UGA.13.1_1,UGA.18.1_1,86.0,0
UGA.13.1_1,UGA.30.2_1,75.0,0
UGA.13.1_1,UGA.5.2_1,6.0,0
UGA.13.1_1,UGA.18.2_1,16.0,0
UGA.13.1_1,UGA.21.1_1,27.0,0
UGA.13.1_1,UGA.39.2_1,15.0,0
UGA.13.1_1,UGA.39.5_1,13.0,0
UGA.13.1_1,UGA.6.2_1,5.0,0
UGA.13.1_1,UGA.30.1_1,21.0,0
UGA.13.1_1,UGA.24.2_1,9.0,0
UGA.13.1_1,UGA.6.1_1,2.0,0
UGA.13.1_1,UGA.24.3_1,6.0,0
UGA.13.1_1,UGA.6.3_1,6.0,0
UGA.13.1_1,UGA.6.5_1,2.0,0
UGA.13.1_1,UGA.39.7_1,2.0,0
UGA.13.1_1,UGA.6.4_1,2.0,0
UGA.13.1_1,UGA.9.2_1,2.0,0
UGA.13.1_1,UGA.43.2_1,2.0,0
UGA.13.1_1,UGA.24.1_1,3.0,0
UGA.13.1_1,UGA.51.1_1,1.0,0
UGA.13.1_1,UGA.48.1_1,1.0,0
UGA.13.1_1,UGA.53.2_1,1.0,0
UGA.13.1_1,UGA.39.3_1,1.0,0
UGA.13.1_1,UGA.9.1_1,3.0,0
UGA.13.1_1,UGA.48.3_1,5.0,0
UGA.13.1_1,UGA.42.2_1,1.0,0
UGA.13.1_1,UGA.12.4_1,1.0,0
UGA.13.1_1,UGA.25.1_1,1.0,0
UGA.13.1_1,UGA.12.3_1,1.0,0
UGA.13.1_1,UGA.35.2_1,3.0,0
UGA.13.1_1,UGA.35.4_1,1.0,0
UGA.13.1_1,UGA.26.1_1,1.0,0
UGA.13.1_1,UGA.12.2_1,1.0,0
UGA.13.1_1,UGA.36.1_1,1.0,0
UGA.13.1_1,UGA.57.1_1,1.0,0
UGA.13.1_1,UGA.34.2_1,2.0,0
UGA.13.1_1,UGA.36.4_1,1.0,0
UGA.13.1_1,UGA.57.3_1,2.0,0
UGA.13.1_1,UGA.16.1_1,1.0,0
UGA.13.1_1,UGA.34.1_1,1.0,0
UGA.13.1_1,UGA.3.2_1,1.0,0
UGA.13.1_1,UGA.44.4_1,1.0,0
UGA.13.1_1,UGA.23.2_1,1.0,0
UGA.13.1_1,UGA.44.1_1,1.0,0
UGA.13.1_1,UGA.2.4_1,1.0,0
UGA.13.1_1,UGA.10.1_1,1.0,0
UGA.13.1_1,UGA.10.2_1,1.0,0
UGA.13.1_1,UGA.56.4_1,2.0,0
UGA.13.2_1,UGA.13.3_1,510.0,0
UGA.13.2_1,UGA.13.1_1,989.0,0
UGA.13.2_1,UGA.5.1_1,559.0,0
UGA.13.2_1,UGA.30.2_1,462.0,0
UGA.13.2_1,UGA.5.2_1,34.0,0
UGA.13.2_1,UGA.18.1_1,121.0,0
UGA.13.2_1,UGA.21.2_1,109.0,0
UGA.13.2_1,UGA.24.2_1,73.0,0
UGA.13.2_1,UGA.18.2_1,19.0,0
UGA.13.2_1,UGA.30.1_1,45.0,0
UGA.13.2_1,UGA.39.2_1,23.0,0
UGA.13.2_1,UGA.39.5_1,9.0,0
UGA.13.2_1,UGA.21.1_1,29.0,0
UGA.13.2_1,UGA.24.3_1,14.0,0
UGA.13.2_1,UGA.6.2_1,9.0,0
UGA.13.2_1,UGA.9.2_1,15.0,0
UGA.13.2_1,UGA.6.1_1,3.0,0
UGA.13.2_1,UGA.24.1_1,14.0,0
UGA.13.2_1,UGA.43.2_1,12.0,0
UGA.13.2_1,UGA.39.4_1,10.0,0
UGA.13.2_1,UGA.6.3_1,9.0,0
UGA.13.2_1,UGA.39.7_1,7.0,0
UGA.13.2_1,UGA.51.1_1,2.0,0
UGA.13.2_1,UGA.6.5_1,5.0,0
UGA.13.2_1,UGA.39.6_1,1.0,0
UGA.13.2_1,UGA.6.4_1,4.0,0
UGA.13.2_1,UGA.53.2_1,4.0,0
UGA.13.2_1,UGA.9.1_1,6.0,0
UGA.13.2_1,UGA.52.1_1,4.0,0
UGA.13.2_1,UGA.39.8_1,3.0,0
UGA.13.2_1,UGA.43.3_1,8.0,0
UGA.13.2_1,UGA.42.2_1,3.0,0
UGA.13.2_1,UGA.48.1_1,1.0,0
UGA.13.2_1,UGA.25.1_1,5.0,0
UGA.13.2_1,UGA.35.1_1,2.0,0
UGA.13.2_1,UGA.39.3_1,8.0,0
UGA.13.2_1,UGA.48.2_1,2.0,0
UGA.13.2_1,UGA.19.1_1,4.0,0
UGA.13.2_1,UGA.36.2_1,2.0,0
UGA.13.2_1,UGA.52.2_1,1.0,0
UGA.13.2_1,UGA.51.3_1,2.0,0
UGA.13.2_1,UGA.35.2_1,2.0,0
UGA.13.2_1,UGA.48.3_1,3.0,0
UGA.13.2_1,UGA.43.1_1,1.0,0
UGA.13.2_1,UGA.36.1_1,1.0,0
UGA.13.2_1,UGA.12.4_1,1.0,0
UGA.13.2_1,UGA.36.3_1,1.0,0
UGA.13.2_1,UGA.42.1_1,1.0,0
UGA.13.2_1,UGA.12.3_1,1.0,0
UGA.13.2_1,UGA.34.3_1,3.0,0
UGA.13.2_1,UGA.12.1_1,1.0,0
UGA.13.2_1,UGA.51.2_1,1.0,0
UGA.13.2_1,UGA.26.1_1,2.0,0
UGA.13.2_1,UGA.47.2_1,2.0,0
UGA.13.2_1,UGA.47.3_1,4.0,0
UGA.13.2_1,UGA.57.1_1,6.0,0
UGA.13.2_1,UGA.47.1_1,1.0,0
UGA.13.2_1,UGA.34.2_1,2.0,0
UGA.13.2_1,UGA.46.1_1,1.0,0
UGA.13.2_1,UGA.57.3_1,5.0,0
UGA.13.2_1,UGA.16.1_1,5.0,0
UGA.13.2_1,UGA.3.2_1,1.0,0
UGA.13.2_1,UGA.23.1_1,1.0,0
UGA.13.2_1,UGA.3.5_1,2.0,0
UGA.13.2_1,UGA.3.6_1,1.0,0
UGA.13.2_1,UGA.44.1_1,1.0,0
UGA.13.2_1,UGA.2.4_1,1.0,0
UGA.13.2_1,UGA.17.2_1,2.0,0
UGA.13.2_1,UGA.17.4_1,1.0,0
UGA.13.2_1,UGA.17.1_1,2.0,0
UGA.13.2_1,UGA.8.2_1,1.0,0
UGA.13.2_1,UGA.8.3_1,1.0,0
UGA.13.2_1,UGA.44.2_1,1.0,0
UGA.13.2_1,UGA.1.1_1,1.0,0
UGA.13.2_1,UGA.3.3_1,1.0,0
UGA.13.2_1,UGA.58.1_1,3.0,0
UGA.13.2_1,UGA.10.3_1,1.0,0
UGA.13.2_1,UGA.37.1_1,1.0,0
UGA.13.2_1,UGA.14.2_1,1.0,0
UGA.13.2_1,UGA.10.2_1,1.0,0
UGA.13.2_1,UGA.50.4_1,1.0,0
UGA.13.2_1,UGA.49.2_1,1.0,0
UGA.13.2_1,UGA.50.3_1,1.0,0
UGA.13.2_1,UGA.22.1_1,1.0,0
UGA.13.2_1,UGA.50.1_1,1.0,0
UGA.13.2_1,UGA.54.1_1,1.0,0
UGA.13.2_1,UGA.38.1_1,1.0,0
UGA.13.2_1,UGA.54.2_1,1.0,0
UGA.13.2_1,UGA.45.1_1,1.0,0
UGA.13.2_1,UGA.45.3_1,1.0,0
UGA.13.3_1,UGA.13.2_1,494.0,0
UGA.13.3_1,UGA.13.1_1,38.0,0
UGA.13.3_1,UGA.5.1_1,22.0,0
UGA.13.3_1,UGA.30.2_1,10.0,0
UGA.13.3_1,UGA.18.1_1,2.0,0
UGA.13.3_1,UGA.21.2_1,4.0,0
UGA.13.3_1,UGA.24.2_1,2.0,0
UGA.13.3_1,UGA.21.1_1,3.0,0
UGA.13.3_1,UGA.30.1_1,3.0,0
UGA.13.3_1,UGA.39.2_1,1.0,0
UGA.13.3_1,UGA.39.5_1,1.0,0
UGA.13.3_1,UGA.6.1_1,1.0,0
UGA.13.3_1,UGA.24.1_1,1.0,0
UGA.13.3_1,UGA.6.5_1,1.0,0
UGA.13.3_1,UGA.51.1_1,1.0,0
UGA.13.3_1,UGA.34.1_1,1.0,0
UGA.14.1_1,UGA.55.1_1,810.0,0
UGA.14.1_1,UGA.33.1_1,283.0,0
UGA.14.1_1,UGA.14.2_1,84.0,0
UGA.14.1_1,UGA.33.3_1,61.0,0
UGA.14.1_1,UGA.17.1_1,72.0,0
UGA.14.1_1,UGA.2.2_1,24.0,0
UGA.14.1_1,UGA.55.2_1,17.0,0
UGA.14.1_1,UGA.55.4_1,23.0,0
UGA.14.1_1,UGA.55.3_1,4.0,0
UGA.14.1_1,UGA.33.5_1,9.0,0
UGA.14.1_1,UGA.22.1_1,6.0,0
UGA.14.1_1,UGA.33.4_1,4.0,0
UGA.14.1_1,UGA.33.2_1,5.0,0
UGA.14.1_1,UGA.23.1_1,5.0,0
UGA.14.1_1,UGA.29.3_1,5.0,0
UGA.14.1_1,UGA.17.2_1,9.0,0
UGA.14.1_1,UGA.2.1_1,6.0,0
UGA.14.1_1,UGA.50.4_1,2.0,0
UGA.14.1_1,UGA.2.3_1,2.0,0
UGA.14.1_1,UGA.17.3_1,2.0,0
UGA.14.1_1,UGA.46.1_1,2.0,0
UGA.14.1_1,UGA.33.6_1,1.0,0
UGA.14.1_1,UGA.29.2_1,4.0,0
UGA.14.1_1,UGA.10.4_1,1.0,0
UGA.14.1_1,UGA.17.4_1,2.0,0
UGA.14.1_1,UGA.50.3_1,2.0,0
UGA.14.1_1,UGA.2.4_1,3.0,0
UGA.14.1_1,UGA.10.2_1,2.0,0
UGA.14.1_1,UGA.29.1_1,1.0,0
UGA.14.1_1,UGA.34.2_1,2.0,0
UGA.14.1_1,UGA.34.3_1,1.0,0
UGA.14.1_1,UGA.54.2_1,1.0,0
UGA.14.1_1,UGA.49.1_1,1.0,0
UGA.14.1_1,UGA.40.1_1,1.0,0
UGA.14.1_1,UGA.56.2_1,1.0,0
UGA.14.1_1,UGA.57.3_1,3.0,0
UGA.14.1_1,UGA.37.1_1,2.0,0
UGA.14.1_1,UGA.57.1_1,2.0,0
UGA.14.1_1,UGA.45.3_1,1.0,0
UGA.14.1_1,UGA.58.1_1,1.0,0
UGA.14.1_1,UGA.3.2_1,1.0,0
UGA.14.1_1,UGA.39.1_1,1.0,0
UGA.14.2_1,UGA.14.1_1,785.0,0
UGA.14.2_1,UGA.55.4_1,407.0,0
UGA.14.2_1,UGA.33.1_1,87.0,0
UGA.14.2_1,UGA.55.3_1,16.0,0
UGA.14.2_1,UGA.22.1_1,42.0,0
UGA.14.2_1,UGA.55.1_1,26.0,0
UGA.14.2_1,UGA.55.2_1,20.0,0
UGA.14.2_1,UGA.33.5_1,31.0,0
UGA.14.2_1,UGA.29.3_1,16.0,0
UGA.14.2_1,UGA.22.2_1,9.0,0
UGA.14.2_1,UGA.33.2_1,25.0,0
UGA.14.2_1,UGA.33.4_1,3.0,0
UGA.14.2_1,UGA.17.1_1,9.0,0
UGA.14.2_1,UGA.2.2_1,9.0,0
UGA.14.2_1,UGA.33.3_1,2.0,0
UGA.14.2_1,UGA.33.6_1,3.0,0
UGA.14.2_1,UGA.50.4_1,2.0,0
UGA.14.2_1,UGA.22.3_1,4.0,0
UGA.14.2_1,UGA.29.2_1,5.0,0
UGA.14.2_1,UGA.2.1_1,7.0,0
UGA.14.2_1,UGA.17.3_1,5.0,0
UGA.14.2_1,UGA.17.2_1,5.0,0
UGA.14.2_1,UGA.50.2_1,2.0,0
UGA.14.2_1,UGA.23.1_1,2.0,0
UGA.14.2_1,UGA.2.3_1,2.0,0
UGA.14.2_1,UGA.50.3_1,1.0,0
UGA.14.2_1,UGA.29.1_1,1.0,0
UGA.14.2_1,UGA.28.3_1,1.0,0
UGA.14.2_1,UGA.2.4_1,1.0,0
UGA.14.2_1,UGA.50.1_1,3.0,0
UGA.14.2_1,UGA.10.2_1,2.0,0
UGA.14.2_1,UGA.46.1_1,1.0,0
UGA.14.2_1,UGA.54.2_1,2.0,0
UGA.14.2_1,UGA.10.3_1,2.0,0
UGA.14.2_1,UGA.38.4_1,1.0,0
UGA.14.2_1,UGA.54.1_1,1.0,0
UGA.14.2_1,UGA.38.2_1,1.0,0
UGA.14.2_1,UGA.20.3_1,1.0,0
UGA.14.2_1,UGA.34.1_1,1.0,0
UGA.14.2_1,UGA.10.1_1,1.0,0
UGA.14.2_1,UGA.11.1_1,1.0,0
UGA.14.2_1,UGA.56.2_1,1.0,0
UGA.14.2_1,UGA.34.2_1,1.0,0
UGA.14.2_1,UGA.11.2_1,1.0,0
UGA.14.2_1,UGA.34.3_1,1.0,0
UGA.14.2_1,UGA.4.1_1,1.0,0
UGA.14.2_1,UGA.27.1_1,1.0,0
UGA.14.2_1,UGA.16.1_1,1.0,0
UGA.15.1_1,UGA.15.2_1,146.0,0
UGA.15.1_1,UGA.42.3_1,176.0,0
UGA.15.1_1,UGA.35.4_1,6.0,0
UGA.15.1_1,UGA.57.2_1,6.0,0
UGA.15.1_1,UGA.35.3_1,5.0,0
UGA.15.1_1,UGA.42.1_1,1.0,0
UGA.15.1_1,UGA.35.2_1,7.0,0
UGA.15.1_1,UGA.35.1_1,2.0,0
UGA.15.1_1,UGA.51.4_1,1.0,0
UGA.15.1_1,UGA.57.1_1,2.0,0
UGA.15.1_1,UGA.42.2_1,1.0,0
UGA.15.1_1,UGA.37.1_1,1.0,0
UGA.15.1_1,UGA.39.2_1,1.0,0
UGA.15.1_1,UGA.52.1_1,1.0,0
UGA.15.2_1,UGA.15.1_1,143.0,0
UGA.15.2_1,UGA.57.2_1,60.0,0
UGA.15.2_1,UGA.32.1_1,20.0,0
UGA.15.2_1,UGA.42.3_1,7.0,0
UGA.15.2_1,UGA.42.1_1,2.0,0
UGA.15.2_1,UGA.57.1_1,8.0,0
UGA.15.2_1,UGA.35.4_1,2.0,0
UGA.15.2_1,UGA.44.1_1,1.0,0
UGA.15.2_1,UGA.43.4_1,1.0,0
UGA.16.1_1,UGA.57.3_1,9235.0,0
UGA.16.1_1,UGA.44.3_1,1307.0,0
UGA.16.1_1,UGA.57.1_1,2093.0,0
UGA.16.1_1,UGA.57.2_1,139.0,0
UGA.16.1_1,UGA.44.4_1,274.0,0
UGA.16.1_1,UGA.44.1_1,513.0,0
UGA.16.1_1,UGA.42.3_1,266.0,0
UGA.16.1_1,UGA.34.2_1,277.0,0
UGA.16.1_1,UGA.34.1_1,145.0,0
UGA.16.1_1,UGA.23.2_1,181.0,0
UGA.16.1_1,UGA.42.1_1,60.0,0
UGA.16.1_1,UGA.43.1_1,53.0,0
UGA.16.1_1,UGA.43.4_1,139.0,0
UGA.16.1_1,UGA.11.2_1,33.0,0
UGA.16.1_1,UGA.11.3_1,129.0,0
UGA.16.1_1,UGA.44.2_1,48.0,0
UGA.16.1_1,UGA.17.4_1,76.0,0
UGA.16.1_1,UGA.11.1_1,112.0,0
UGA.16.1_1,UGA.15.2_1,12.0,0
UGA.16.1_1,UGA.15.1_1,13.0,0
UGA.16.1_1,UGA.23.1_1,75.0,0
UGA.16.1_1,UGA.32.1_1,68.0,0
UGA.16.1_1,UGA.34.3_1,98.0,0
UGA.16.1_1,UGA.17.2_1,159.0,0
UGA.16.1_1,UGA.43.3_1,151.0,0
UGA.16.1_1,UGA.10.4_1,109.0,0
UGA.16.1_1,UGA.42.2_1,58.0,0
UGA.16.1_1,UGA.35.3_1,63.0,0
UGA.16.1_1,UGA.37.1_1,181.0,0
UGA.16.1_1,UGA.10.3_1,116.0,0
UGA.16.1_1,UGA.46.1_1,51.0,0
UGA.16.1_1,UGA.10.1_1,51.0,0
UGA.16.1_1,UGA.35.1_1,32.0,0
UGA.16.1_1,UGA.35.4_1,35.0,0
UGA.16.1_1,UGA.25.1_1,105.0,0
UGA.16.1_1,UGA.17.1_1,93.0,0
UGA.16.1_1,UGA.17.3_1,59.0,0
UGA.16.1_1,UGA.35.2_1,94.0,0
UGA.16.1_1,UGA.4.1_1,123.0,0
UGA.16.1_1,UGA.10.2_1,38.0,0
UGA.16.1_1,UGA.43.2_1,80.0,0
UGA.16.1_1,UGA.53.2_1,32.0,0
UGA.16.1_1,UGA.33.3_1,25.0,0
UGA.16.1_1,UGA.55.1_1,14.0,0
UGA.16.1_1,UGA.51.4_1,26.0,0
UGA.16.1_1,UGA.50.4_1,41.0,0
UGA.16.1_1,UGA.50.3_1,37.0,0
UGA.16.1_1,UGA.7.1_1,48.0,0
UGA.16.1_1,UGA.53.1_1,8.0,0
UGA.16.1_1,UGA.56.1_1,34.0,0
UGA.16.1_1,UGA.24.1_1,40.0,0
UGA.16.1_1,UGA.14.1_1,8.0,0
UGA.16.1_1,UGA.56.2_1,36.0,0
UGA.16.1_1,UGA.55.2_1,24.0,0
UGA.16.1_1,UGA.51.1_1,14.0,0
UGA.16.1_1,UGA.2.3_1,23.0,0
UGA.16.1_1,UGA.36.3_1,13.0,0
UGA.16.1_1,UGA.50.1_1,29.0,0
UGA.16.1_1,UGA.30.1_1,35.0,0
UGA.16.1_1,UGA.24.3_1,11.0,0
UGA.16.1_1,UGA.2.2_1,24.0,0
UGA.16.1_1,UGA.50.2_1,14.0,0
UGA.16.1_1,UGA.51.2_1,12.0,0
UGA.16.1_1,UGA.56.3_1,7.0,0
UGA.16.1_1,UGA.51.3_1,20.0,0
UGA.16.1_1,UGA.36.2_1,3.0,0
UGA.16.1_1,UGA.56.4_1,10.0,0
UGA.16.1_1,UGA.29.3_1,15.0,0
UGA.16.1_1,UGA.14.2_1,8.0,0
UGA.16.1_1,UGA.33.1_1,16.0,0
UGA.16.1_1,UGA.55.3_1,3.0,0
UGA.16.1_1,UGA.38.2_1,29.0,0
UGA.16.1_1,UGA.9.1_1,27.0,0
UGA.16.1_1,UGA.38.4_1,5.0,0
UGA.16.1_1,UGA.55.4_1,17.0,0
UGA.16.1_1,UGA.29.2_1,19.0,0
UGA.16.1_1,UGA.39.7_1,18.0,0
UGA.16.1_1,UGA.39.5_1,14.0,0
UGA.16.1_1,UGA.9.2_1,22.0,0
UGA.16.1_1,UGA.36.4_1,17.0,0
UGA.16.1_1,UGA.38.1_1,19.0,0
UGA.16.1_1,UGA.29.1_1,8.0,0
UGA.16.1_1,UGA.24.2_1,29.0,0
UGA.16.1_1,UGA.54.1_1,12.0,0
UGA.16.1_1,UGA.38.3_1,13.0,0
UGA.16.1_1,UGA.33.4_1,5.0,0
UGA.16.1_1,UGA.30.2_1,16.0,0
UGA.16.1_1,UGA.2.1_1,17.0,0
UGA.16.1_1,UGA.36.1_1,5.0,0
UGA.16.1_1,UGA.22.1_1,10.0,0
UGA.16.1_1,UGA.39.1_1,14.0,0
UGA.16.1_1,UGA.33.2_1,20.0,0
UGA.16.1_1,UGA.18.1_1,10.0,0
UGA.16.1_1,UGA.2.4_1,17.0,0
UGA.16.1_1,UGA.54.2_1,7.0,0
UGA.16.1_1,UGA.33.5_1,7.0,0
UGA.16.1_1,UGA.54.3_1,2.0,0
UGA.16.1_1,UGA.20.3_1,4.0,0
UGA.16.1_1,UGA.39.4_1,11.0,0
UGA.16.1_1,UGA.39.2_1,9.0,0
UGA.16.1_1,UGA.39.6_1,4.0,0
UGA.16.1_1,UGA.22.3_1,11.0,0
UGA.16.1_1,UGA.39.3_1,11.0,0
UGA.16.1_1,UGA.22.2_1,6.0,0
UGA.16.1_1,UGA.18.2_1,9.0,0
UGA.16.1_1,UGA.20.2_1,4.0,0
UGA.16.1_1,UGA.13.2_1,15.0,0
UGA.16.1_1,UGA.33.6_1,5.0,0
UGA.16.1_1,UGA.20.1_1,2.0,0
UGA.16.1_1,UGA.6.1_1,3.0,0
UGA.16.1_1,UGA.39.8_1,4.0,0
UGA.16.1_1,UGA.8.4_1,3.0,0
UGA.16.1_1,UGA.13.3_1,3.0,0
UGA.16.1_1,UGA.5.2_1,1.0,0
UGA.16.1_1,UGA.8.5_1,4.0,0
UGA.16.1_1,UGA.13.1_1,1.0,0
UGA.16.1_1,UGA.6.5_1,3.0,0
UGA.16.1_1,UGA.45.1_1,5.0,0
UGA.16.1_1,UGA.8.2_1,3.0,0
UGA.16.1_1,UGA.47.1_1,8.0,0
UGA.16.1_1,UGA.48.2_1,9.0,0
UGA.16.1_1,UGA.21.2_1,14.0,0
UGA.16.1_1,UGA.47.3_1,10.0,0
UGA.16.1_1,UGA.5.1_1,6.0,0
UGA.16.1_1,UGA.6.3_1,6.0,0
UGA.16.1_1,UGA.49.2_1,4.0,0
UGA.16.1_1,UGA.6.2_1,7.0,0
UGA.16.1_1,UGA.40.1_1,7.0,0
UGA.16.1_1,UGA.28.3_1,3.0,0
UGA.16.1_1,UGA.45.2_1,1.0,0
UGA.16.1_1,UGA.49.1_1,4.0,0
UGA.16.1_1,UGA.48.1_1,3.0,0
UGA.16.1_1,UGA.45.3_1,3.0,0
UGA.16.1_1,UGA.6.4_1,3.0,0
UGA.16.1_1,UGA.21.1_1,7.0,0
UGA.16.1_1,UGA.48.3_1,3.0,0
UGA.16.1_1,UGA.47.2_1,2.0,0
UGA.16.1_1,UGA.8.3_1,2.0,0
UGA.16.1_1,UGA.3.4_1,2.0,0
UGA.16.1_1,UGA.52.1_1,7.0,0
UGA.16.1_1,UGA.12.4_1,3.0,0
UGA.16.1_1,UGA.52.2_1,4.0,0
UGA.16.1_1,UGA.3.7_1,2.0,0
UGA.16.1_1,UGA.1.1_1,8.0,0
UGA.16.1_1,UGA.12.1_1,1.0,0
UGA.16.1_1,UGA.28.2_1,4.0,0
UGA.16.1_1,UGA.12.2_1,7.0,0
UGA.16.1_1,UGA.19.1_1,8.0,0
UGA.16.1_1,UGA.12.3_1,6.0,0
UGA.16.1_1,UGA.27.1_1,5.0,0
UGA.16.1_1,UGA.3.6_1,6.0,0
UGA.16.1_1,UGA.3.2_1,8.0,0
UGA.16.1_1,UGA.27.2_1,7.0,0
UGA.16.1_1,UGA.41.1_1,1.0,0
UGA.16.1_1,UGA.26.1_1,6.0,0
UGA.16.1_1,UGA.3.5_1,3.0,0
UGA.16.1_1,UGA.58.1_1,10.0,0
UGA.16.1_1,UGA.3.3_1,1.0,0
UGA.17.1_1,UGA.55.1_1,1187.0,0
UGA.17.1_1,UGA.17.2_1,1316.0,0
UGA.17.1_1,UGA.23.1_1,304.0,0
UGA.17.1_1,UGA.17.3_1,343.0,0
UGA.17.1_1,UGA.14.1_1,112.0,0
UGA.17.1_1,UGA.55.2_1,163.0,0
UGA.17.1_1,UGA.17.4_1,90.0,0
UGA.17.1_1,UGA.10.4_1,140.0,0
UGA.17.1_1,UGA.50.4_1,106.0,0
UGA.17.1_1,UGA.33.3_1,57.0,0
UGA.17.1_1,UGA.23.2_1,76.0,0
UGA.17.1_1,UGA.14.2_1,23.0,0
UGA.17.1_1,UGA.34.1_1,48.0,0
UGA.17.1_1,UGA.10.3_1,58.0,0
UGA.17.1_1,UGA.55.3_1,7.0,0
UGA.17.1_1,UGA.29.3_1,16.0,0
UGA.17.1_1,UGA.11.3_1,25.0,0
UGA.17.1_1,UGA.10.2_1,31.0,0
UGA.17.1_1,UGA.33.1_1,11.0,0
UGA.17.1_1,UGA.55.4_1,28.0,0
UGA.17.1_1,UGA.50.3_1,22.0,0
UGA.17.1_1,UGA.46.1_1,15.0,0
UGA.17.1_1,UGA.11.1_1,13.0,0
UGA.17.1_1,UGA.44.4_1,11.0,0
UGA.17.1_1,UGA.2.2_1,11.0,0
UGA.17.1_1,UGA.10.1_1,13.0,0
UGA.17.1_1,UGA.50.2_1,7.0,0
UGA.17.1_1,UGA.34.2_1,14.0,0
UGA.17.1_1,UGA.11.2_1,4.0,0
UGA.17.1_1,UGA.29.2_1,7.0,0
UGA.17.1_1,UGA.50.1_1,9.0,0
UGA.17.1_1,UGA.56.1_1,13.0,0
UGA.17.1_1,UGA.22.1_1,8.0,0
UGA.17.1_1,UGA.2.3_1,9.0,0
UGA.17.1_1,UGA.44.1_1,12.0,0
UGA.17.1_1,UGA.37.1_1,13.0,0
UGA.17.1_1,UGA.29.1_1,6.0,0
UGA.17.1_1,UGA.34.3_1,1.0,0
UGA.17.1_1,UGA.57.3_1,30.0,0
UGA.17.1_1,UGA.33.5_1,2.0,0
UGA.17.1_1,UGA.33.4_1,5.0,0
UGA.17.1_1,UGA.56.2_1,4.0,0
UGA.17.1_1,UGA.38.4_1,2.0,0
UGA.17.1_1,UGA.33.2_1,6.0,0
UGA.17.1_1,UGA.44.3_1,4.0,0
UGA.17.1_1,UGA.4.1_1,5.0,0
UGA.17.1_1,UGA.38.2_1,4.0,0
UGA.17.1_1,UGA.16.1_1,13.0,0
UGA.17.1_1,UGA.2.1_1,6.0,0
UGA.17.1_1,UGA.22.3_1,3.0,0
UGA.17.1_1,UGA.22.2_1,1.0,0
UGA.17.1_1,UGA.7.1_1,3.0,0
UGA.17.1_1,UGA.57.1_1,10.0,0
UGA.17.1_1,UGA.38.1_1,1.0,0
UGA.17.1_1,UGA.38.3_1,3.0,0
UGA.17.1_1,UGA.2.4_1,2.0,0
UGA.17.1_1,UGA.57.2_1,2.0,0
UGA.17.1_1,UGA.36.3_1,2.0,0
UGA.17.1_1,UGA.25.1_1,3.0,0
UGA.17.1_1,UGA.43.1_1,1.0,0
UGA.17.1_1,UGA.42.3_1,3.0,0
UGA.17.1_1,UGA.20.1_1,1.0,0
UGA.17.1_1,UGA.8.5_1,1.0,0
UGA.17.1_1,UGA.49.1_1,1.0,0
UGA.17.1_1,UGA.32.1_1,1.0,0
UGA.17.1_1,UGA.45.3_1,1.0,0
UGA.17.1_1,UGA.35.3_1,1.0,0
UGA.17.1_1,UGA.43.2_1,1.0,0
UGA.17.1_1,UGA.28.2_1,2.0,0
UGA.17.1_1,UGA.40.2_1,1.0,0
UGA.17.1_1,UGA.35.1_1,1.0,0
UGA.17.1_1,UGA.8.3_1,1.0,0
UGA.17.1_1,UGA.27.1_1,1.0,0
UGA.17.1_1,UGA.53.2_1,1.0,0
UGA.17.1_1,UGA.35.2_1,1.0,0
UGA.17.1_1,UGA.47.3_1,1.0,0
UGA.17.1_1,UGA.30.2_1,1.0,0
UGA.17.1_1,UGA.47.2_1,2.0,0
UGA.17.1_1,UGA.39.5_1,2.0,0
UGA.17.1_1,UGA.51.3_1,1.0,0
UGA.17.1_1,UGA.39.7_1,1.0,0
UGA.17.1_1,UGA.18.1_1,1.0,0
UGA.17.1_1,UGA.3.2_1,1.0,0
UGA.17.1_1,UGA.13.2_1,1.0,0
UGA.17.1_1,UGA.58.1_1,3.0,0
UGA.17.1_1,UGA.13.1_1,1.0,0
UGA.17.1_1,UGA.39.4_1,1.0,0
UGA.17.1_1,UGA.21.2_1,1.0,0
UGA.17.1_1,UGA.39.8_1,1.0,0
UGA.17.1_1,UGA.48.2_1,1.0,0
UGA.17.1_1,UGA.12.2_1,1.0,0
UGA.17.1_1,UGA.26.1_1,1.0,0
UGA.17.2_1,UGA.17.4_1,1402.0,0
UGA.17.2_1,UGA.23.1_1,592.0,0
UGA.17.2_1,UGA.17.1_1,781.0,0
UGA.17.2_1,UGA.10.4_1,287.0,0
UGA.17.2_1,UGA.23.2_1,177.0,0
UGA.17.2_1,UGA.17.3_1,134.0,0
UGA.17.2_1,UGA.11.3_1,81.0,0
UGA.17.2_1,UGA.34.1_1,52.0,0
UGA.17.2_1,UGA.10.3_1,99.0,0
UGA.17.2_1,UGA.44.4_1,46.0,0
UGA.17.2_1,UGA.11.1_1,28.0,0
UGA.17.2_1,UGA.55.1_1,21.0,0
UGA.17.2_1,UGA.11.2_1,13.0,0
UGA.17.2_1,UGA.10.2_1,54.0,0
UGA.17.2_1,UGA.50.4_1,31.0,0
UGA.17.2_1,UGA.10.1_1,15.0,0
UGA.17.2_1,UGA.34.2_1,28.0,0
UGA.17.2_1,UGA.55.2_1,11.0,0
UGA.17.2_1,UGA.44.1_1,25.0,0
UGA.17.2_1,UGA.14.1_1,4.0,0
UGA.17.2_1,UGA.50.3_1,11.0,0
UGA.17.2_1,UGA.33.3_1,10.0,0
UGA.17.2_1,UGA.37.1_1,17.0,0
UGA.17.2_1,UGA.46.1_1,7.0,0
UGA.17.2_1,UGA.57.3_1,45.0,0
UGA.17.2_1,UGA.44.3_1,11.0,0
UGA.17.2_1,UGA.29.3_1,4.0,0
UGA.17.2_1,UGA.44.2_1,2.0,0
UGA.17.2_1,UGA.56.1_1,5.0,0
UGA.17.2_1,UGA.16.1_1,22.0,0
UGA.17.2_1,UGA.50.2_1,3.0,0
UGA.17.2_1,UGA.14.2_1,3.0,0
UGA.17.2_1,UGA.55.3_1,2.0,0
UGA.17.2_1,UGA.50.1_1,3.0,0
UGA.17.2_1,UGA.4.1_1,6.0,0
UGA.17.2_1,UGA.55.4_1,4.0,0
UGA.17.2_1,UGA.34.3_1,2.0,0
UGA.17.2_1,UGA.33.1_1,1.0,0
UGA.17.2_1,UGA.56.2_1,2.0,0
UGA.17.2_1,UGA.2.2_1,3.0,0
UGA.17.2_1,UGA.29.2_1,2.0,0
UGA.17.2_1,UGA.57.1_1,7.0,0
UGA.17.2_1,UGA.7.1_1,1.0,0
UGA.17.2_1,UGA.38.4_1,1.0,0
UGA.17.2_1,UGA.29.1_1,1.0,0
UGA.17.2_1,UGA.2.3_1,1.0,0
UGA.17.2_1,UGA.38.2_1,4.0,0
UGA.17.2_1,UGA.43.4_1,1.0,0
UGA.17.2_1,UGA.22.1_1,2.0,0
UGA.17.2_1,UGA.54.1_1,3.0,0
UGA.17.2_1,UGA.38.1_1,4.0,0
UGA.17.2_1,UGA.42.3_1,1.0,0
UGA.17.2_1,UGA.54.2_1,3.0,0
UGA.17.2_1,UGA.38.3_1,1.0,0
UGA.17.2_1,UGA.33.2_1,1.0,0
UGA.17.2_1,UGA.25.1_1,5.0,0
UGA.17.2_1,UGA.2.1_1,1.0,0
UGA.17.2_1,UGA.20.3_1,1.0,0
UGA.17.2_1,UGA.43.3_1,2.0,0
UGA.17.2_1,UGA.32.1_1,2.0,0
UGA.17.2_1,UGA.36.3_1,1.0,0
UGA.17.2_1,UGA.2.4_1,1.0,0
UGA.17.2_1,UGA.36.4_1,1.0,0
UGA.17.2_1,UGA.42.2_1,1.0,0
UGA.17.2_1,UGA.36.2_1,1.0,0
UGA.17.2_1,UGA.45.1_1,1.0,0
UGA.17.2_1,UGA.8.5_1,1.0,0
UGA.17.2_1,UGA.43.2_1,1.0,0
UGA.17.2_1,UGA.40.1_1,1.0,0
UGA.17.2_1,UGA.24.1_1,1.0,0
UGA.17.2_1,UGA.9.1_1,1.0,0
UGA.17.2_1,UGA.45.2_1,1.0,0
UGA.17.2_1,UGA.49.2_1,1.0,0
UGA.17.2_1,UGA.8.4_1,1.0,0
UGA.17.2_1,UGA.9.2_1,1.0,0
UGA.17.2_1,UGA.30.1_1,1.0,0
UGA.17.2_1,UGA.47.1_1,1.0,0
UGA.17.2_1,UGA.27.1_1,1.0,0
UGA.17.2_1,UGA.51.2_1,1.0,0
UGA.17.2_1,UGA.39.5_1,1.0,0
UGA.17.2_1,UGA.27.2_1,1.0,0
UGA.17.2_1,UGA.28.1_1,1.0,0
UGA.17.2_1,UGA.13.2_1,2.0,0
UGA.17.2_1,UGA.39.1_1,1.0,0
UGA.17.2_1,UGA.3.7_1,1.0,0
UGA.17.2_1,UGA.39.2_1,1.0,0
UGA.17.2_1,UGA.13.1_1,2.0,0
UGA.17.2_1,UGA.39.3_1,1.0,0
UGA.17.2_1,UGA.48.2_1,2.0,0
UGA.17.2_1,UGA.6.2_1,1.0,0
UGA.17.2_1,UGA.52.2_1,1.0,0
UGA.17.3_1,UGA.50.4_1,1594.0,0
UGA.17.3_1,UGA.10.2_1,533.0,0
UGA.17.3_1,UGA.10.4_1,240.0,0
UGA.17.3_1,UGA.50.3_1,141.0,0
UGA.17.3_1,UGA.10.3_1,128.0,0
UGA.17.3_1,UGA.17.1_1,94.0,0
UGA.17.3_1,UGA.17.2_1,71.0,0
UGA.17.3_1,UGA.55.2_1,25.0,0
UGA.17.3_1,UGA.10.1_1,17.0,0
UGA.17.3_1,UGA.17.4_1,18.0,0
UGA.17.3_1,UGA.50.2_1,23.0,0
UGA.17.3_1,UGA.55.1_1,8.0,0
UGA.17.3_1,UGA.56.1_1,10.0,0
UGA.17.3_1,UGA.50.1_1,12.0,0
UGA.17.3_1,UGA.29.3_1,5.0,0
UGA.17.3_1,UGA.11.1_1,11.0,0
UGA.17.3_1,UGA.11.3_1,10.0,0
UGA.17.3_1,UGA.29.2_1,14.0,0
UGA.17.3_1,UGA.23.2_1,7.0,0
UGA.17.3_1,UGA.23.1_1,6.0,0
UGA.17.3_1,UGA.56.2_1,6.0,0
UGA.17.3_1,UGA.55.3_1,4.0,0
UGA.17.3_1,UGA.11.2_1,1.0,0
UGA.17.3_1,UGA.38.4_1,1.0,0
UGA.17.3_1,UGA.37.1_1,16.0,0
UGA.17.3_1,UGA.29.1_1,8.0,0
UGA.17.3_1,UGA.55.4_1,5.0,0
UGA.17.3_1,UGA.4.1_1,19.0,0
UGA.17.3_1,UGA.38.2_1,12.0,0
UGA.17.3_1,UGA.14.1_1,2.0,0
UGA.17.3_1,UGA.56.4_1,2.0,0
UGA.17.3_1,UGA.14.2_1,3.0,0
UGA.17.3_1,UGA.56.3_1,1.0,0
UGA.17.3_1,UGA.44.4_1,4.0,0
UGA.17.3_1,UGA.54.1_1,2.0,0
UGA.17.3_1,UGA.7.1_1,3.0,0
UGA.17.3_1,UGA.34.1_1,3.0,0
UGA.17.3_1,UGA.44.1_1,7.0,0
UGA.17.3_1,UGA.38.1_1,5.0,0
UGA.17.3_1,UGA.38.3_1,1.0,0
UGA.17.3_1,UGA.54.2_1,1.0,0
UGA.17.3_1,UGA.33.3_1,1.0,0
UGA.17.3_1,UGA.33.1_1,1.0,0
UGA.17.3_1,UGA.20.3_1,1.0,0
UGA.17.3_1,UGA.54.3_1,1.0,0
UGA.17.3_1,UGA.34.2_1,1.0,0
UGA.17.3_1,UGA.44.3_1,1.0,0
UGA.17.3_1,UGA.57.3_1,7.0,0
UGA.17.3_1,UGA.2.2_1,3.0,0
UGA.17.3_1,UGA.16.1_1,7.0,0
UGA.17.3_1,UGA.22.2_1,1.0,0
UGA.17.3_1,UGA.33.5_1,1.0,0
UGA.17.3_1,UGA.33.4_1,1.0,0
UGA.17.3_1,UGA.2.3_1,1.0,0
UGA.17.3_1,UGA.57.1_1,4.0,0
UGA.17.3_1,UGA.33.2_1,3.0,0
UGA.17.3_1,UGA.33.6_1,1.0,0
UGA.17.3_1,UGA.32.1_1,1.0,0
UGA.17.3_1,UGA.43.1_1,1.0,0
UGA.17.3_1,UGA.2.4_1,2.0,0
UGA.17.3_1,UGA.25.1_1,1.0,0
UGA.17.3_1,UGA.36.3_1,1.0,0
UGA.17.3_1,UGA.43.3_1,1.0,0
UGA.17.3_1,UGA.49.1_1,1.0,0
UGA.17.3_1,UGA.8.5_1,2.0,0
UGA.17.3_1,UGA.42.2_1,1.0,0
UGA.17.3_1,UGA.9.1_1,1.0,0
UGA.17.3_1,UGA.24.3_1,1.0,0
UGA.17.3_1,UGA.9.2_1,2.0,0
UGA.17.3_1,UGA.8.3_1,1.0,0
UGA.17.3_1,UGA.53.1_1,1.0,0
UGA.17.3_1,UGA.28.1_1,1.0,0
UGA.17.3_1,UGA.47.3_1,1.0,0
UGA.17.3_1,UGA.51.3_1,1.0,0
UGA.17.3_1,UGA.3.4_1,1.0,0
UGA.17.3_1,UGA.47.2_1,1.0,0
UGA.17.3_1,UGA.13.2_1,1.0,0
UGA.17.3_1,UGA.39.2_1,2.0,0
UGA.17.3_1,UGA.39.8_1,1.0,0
UGA.17.3_1,UGA.6.5_1,1.0,0
UGA.17.3_1,UGA.12.3_1,1.0,0
UGA.17.3_1,UGA.26.1_1,1.0,0
UGA.17.4_1,UGA.23.2_1,1144.0,0
UGA.17.4_1,UGA.11.3_1,301.0,0
UGA.17.4_1,UGA.10.4_1,140.0,0
UGA.17.4_1,UGA.17.2_1,101.0,0
UGA.17.4_1,UGA.11.1_1,47.0,0
UGA.17.4_1,UGA.44.4_1,41.0,0
UGA.17.4_1,UGA.11.2_1,13.0,0
UGA.17.4_1,UGA.10.3_1,50.0,0
UGA.17.4_1,UGA.23.1_1,12.0,0
UGA.17.4_1,UGA.34.1_1,15.0,0
UGA.17.4_1,UGA.44.1_1,19.0,0
UGA.17.4_1,UGA.17.3_1,10.0,0
UGA.17.4_1,UGA.17.1_1,24.0,0
UGA.17.4_1,UGA.10.1_1,7.0,0
UGA.17.4_1,UGA.37.1_1,14.0,0
UGA.17.4_1,UGA.10.2_1,3.0,0
UGA.17.4_1,UGA.44.3_1,6.0,0
UGA.17.4_1,UGA.57.3_1,11.0,0
UGA.17.4_1,UGA.34.2_1,3.0,0
UGA.17.4_1,UGA.16.1_1,8.0,0
UGA.17.4_1,UGA.50.4_1,2.0,0
UGA.17.4_1,UGA.4.1_1,3.0,0
UGA.17.4_1,UGA.56.1_1,2.0,0
UGA.17.4_1,UGA.57.1_1,4.0,0
UGA.17.4_1,UGA.46.1_1,1.0,0
UGA.17.4_1,UGA.14.1_1,1.0,0
UGA.17.4_1,UGA.33.3_1,2.0,0
UGA.17.4_1,UGA.29.2_1,1.0,0
UGA.17.4_1,UGA.55.4_1,2.0,0
UGA.17.4_1,UGA.38.3_1,1.0,0
UGA.17.4_1,UGA.54.2_1,1.0,0
UGA.17.4_1,UGA.25.1_1,1.0,0
UGA.17.4_1,UGA.33.2_1,1.0,0
UGA.17.4_1,UGA.2.1_1,1.0,0
UGA.17.4_1,UGA.22.2_1,1.0,0
UGA.17.4_1,UGA.33.6_1,1.0,0
UGA.17.4_1,UGA.43.2_1,2.0,0
UGA.17.4_1,UGA.24.1_1,1.0,0
UGA.17.4_1,UGA.35.2_1,2.0,0
UGA.17.4_1,UGA.8.5_1,1.0,0
UGA.17.4_1,UGA.51.4_1,1.0,0
UGA.17.4_1,UGA.49.1_1,1.0,0
UGA.17.4_1,UGA.30.1_1,1.0,0
UGA.17.4_1,UGA.24.2_1,1.0,0
UGA.17.4_1,UGA.5.1_1,1.0,0
UGA.17.4_1,UGA.3.6_1,1.0,0
UGA.17.4_1,UGA.21.2_1,1.0,0
UGA.18.1_1,UGA.39.5_1,1473.0,0
UGA.18.1_1,UGA.18.2_1,536.0,0
UGA.18.1_1,UGA.30.2_1,824.0,0
UGA.18.1_1,UGA.13.2_1,179.0,0
UGA.18.1_1,UGA.39.2_1,130.0,0
UGA.18.1_1,UGA.13.1_1,74.0,0
UGA.18.1_1,UGA.13.3_1,15.0,0
UGA.18.1_1,UGA.30.1_1,115.0,0
UGA.18.1_1,UGA.21.2_1,81.0,0
UGA.18.1_1,UGA.5.1_1,27.0,0
UGA.18.1_1,UGA.53.1_1,9.0,0
UGA.18.1_1,UGA.6.1_1,14.0,0
UGA.18.1_1,UGA.5.2_1,8.0,0
UGA.18.1_1,UGA.24.3_1,11.0,0
UGA.18.1_1,UGA.21.1_1,35.0,0
UGA.18.1_1,UGA.39.7_1,18.0,0
UGA.18.1_1,UGA.24.2_1,35.0,0
UGA.18.1_1,UGA.6.2_1,9.0,0
UGA.18.1_1,UGA.39.4_1,11.0,0
UGA.18.1_1,UGA.51.1_1,4.0,0
UGA.18.1_1,UGA.43.2_1,20.0,0
UGA.18.1_1,UGA.6.3_1,10.0,0
UGA.18.1_1,UGA.39.6_1,6.0,0
UGA.18.1_1,UGA.6.5_1,12.0,0
UGA.18.1_1,UGA.53.2_1,6.0,0
UGA.18.1_1,UGA.24.1_1,11.0,0
UGA.18.1_1,UGA.39.8_1,4.0,0
UGA.18.1_1,UGA.6.4_1,7.0,0
UGA.18.1_1,UGA.9.2_1,4.0,0
UGA.18.1_1,UGA.39.3_1,4.0,0
UGA.18.1_1,UGA.52.1_1,3.0,0
UGA.18.1_1,UGA.42.2_1,2.0,0
UGA.18.1_1,UGA.35.1_1,3.0,0
UGA.18.1_1,UGA.48.1_1,3.0,0
UGA.18.1_1,UGA.48.2_1,6.0,0
UGA.18.1_1,UGA.51.3_1,3.0,0
UGA.18.1_1,UGA.43.3_1,7.0,0
UGA.18.1_1,UGA.39.1_1,3.0,0
UGA.18.1_1,UGA.35.2_1,5.0,0
UGA.18.1_1,UGA.35.3_1,3.0,0
UGA.18.1_1,UGA.35.4_1,4.0,0
UGA.18.1_1,UGA.19.1_1,1.0,0
UGA.18.1_1,UGA.48.3_1,1.0,0
UGA.18.1_1,UGA.25.1_1,2.0,0
UGA.18.1_1,UGA.9.1_1,1.0,0
UGA.18.1_1,UGA.43.1_1,1.0,0
UGA.18.1_1,UGA.12.4_1,1.0,0
UGA.18.1_1,UGA.43.4_1,2.0,0
UGA.18.1_1,UGA.51.2_1,2.0,0
UGA.18.1_1,UGA.12.3_1,2.0,0
UGA.18.1_1,UGA.42.3_1,1.0,0
UGA.18.1_1,UGA.36.2_1,3.0,0
UGA.18.1_1,UGA.12.2_1,1.0,0
UGA.18.1_1,UGA.26.1_1,4.0,0
UGA.18.1_1,UGA.34.3_1,1.0,0
UGA.18.1_1,UGA.15.1_1,1.0,0
UGA.18.1_1,UGA.57.1_1,5.0,0
UGA.18.1_1,UGA.36.3_1,1.0,0
UGA.18.1_1,UGA.36.1_1,1.0,0
UGA.18.1_1,UGA.34.2_1,2.0,0
UGA.18.1_1,UGA.57.3_1,11.0,0
UGA.18.1_1,UGA.16.1_1,5.0,0
UGA.18.1_1,UGA.46.1_1,2.0,0
UGA.18.1_1,UGA.34.1_1,1.0,0
UGA.18.1_1,UGA.44.3_1,1.0,0
UGA.18.1_1,UGA.47.3_1,1.0,0
UGA.18.1_1,UGA.44.4_1,1.0,0
UGA.18.1_1,UGA.3.1_1,1.0,0
UGA.18.1_1,UGA.3.2_1,2.0,0
UGA.18.1_1,UGA.2.4_1,4.0,0
UGA.18.1_1,UGA.10.4_1,1.0,0
UGA.18.1_1,UGA.55.1_1,1.0,0
UGA.18.1_1,UGA.8.5_1,1.0,0
UGA.18.1_1,UGA.33.2_1,3.0,0
UGA.18.1_1,UGA.50.4_1,1.0,0
UGA.18.1_1,UGA.55.4_1,1.0,0
UGA.18.1_1,UGA.56.1_1,1.0,0
UGA.18.1_1,UGA.27.1_1,1.0,0
UGA.18.1_1,UGA.45.1_1,1.0,0
UGA.18.1_1,UGA.28.2_1,1.0,0
UGA.18.2_1,UGA.39.2_1,1156.0,0
UGA.18.2_1,UGA.21.2_1,340.0,0
UGA.18.2_1,UGA.6.1_1,50.0,0
UGA.18.2_1,UGA.18.1_1,72.0,0
UGA.18.2_1,UGA.6.2_1,19.0,0
UGA.18.2_1,UGA.39.5_1,25.0,0
UGA.18.2_1,UGA.21.1_1,30.0,0
UGA.18.2_1,UGA.6.3_1,17.0,0
UGA.18.2_1,UGA.39.4_1,14.0,0
UGA.18.2_1,UGA.13.1_1,7.0,0
UGA.18.2_1,UGA.6.5_1,8.0,0
UGA.18.2_1,UGA.13.2_1,11.0,0
UGA.18.2_1,UGA.39.7_1,6.0,0
UGA.18.2_1,UGA.13.3_1,2.0,0
UGA.18.2_1,UGA.39.6_1,2.0,0
UGA.18.2_1,UGA.6.4_1,4.0,0
UGA.18.2_1,UGA.30.2_1,11.0,0
UGA.18.2_1,UGA.39.8_1,3.0,0
UGA.18.2_1,UGA.5.1_1,5.0,0
UGA.18.2_1,UGA.52.1_1,3.0,0
UGA.18.2_1,UGA.30.1_1,10.0,0
UGA.18.2_1,UGA.53.1_1,2.0,0
UGA.18.2_1,UGA.48.1_1,1.0,0
UGA.18.2_1,UGA.51.1_1,2.0,0
UGA.18.2_1,UGA.39.3_1,6.0,0
UGA.18.2_1,UGA.48.2_1,3.0,0
UGA.18.2_1,UGA.52.2_1,1.0,0
UGA.18.2_1,UGA.5.2_1,2.0,0
UGA.18.2_1,UGA.19.1_1,2.0,0
UGA.18.2_1,UGA.53.2_1,1.0,0
UGA.18.2_1,UGA.24.3_1,4.0,0
UGA.18.2_1,UGA.39.1_1,3.0,0
UGA.18.2_1,UGA.24.2_1,1.0,0
UGA.18.2_1,UGA.51.3_1,2.0,0
UGA.18.2_1,UGA.12.3_1,1.0,0
UGA.18.2_1,UGA.35.2_1,2.0,0
UGA.18.2_1,UGA.24.1_1,2.0,0
UGA.18.2_1,UGA.51.4_1,1.0,0
UGA.18.2_1,UGA.43.3_1,3.0,0
UGA.18.2_1,UGA.25.1_1,1.0,0
UGA.18.2_1,UGA.43.4_1,1.0,0
UGA.18.2_1,UGA.36.2_1,1.0,0
UGA.18.2_1,UGA.57.1_1,1.0,0
UGA.18.2_1,UGA.15.2_1,1.0,0
UGA.18.2_1,UGA.16.1_1,1.0,0
UGA.18.2_1,UGA.57.3_1,2.0,0
UGA.18.2_1,UGA.34.2_1,1.0,0
UGA.18.2_1,UGA.34.1_1,1.0,0
UGA.18.2_1,UGA.36.4_1,1.0,0
UGA.18.2_1,UGA.44.1_1,1.0,0
UGA.18.2_1,UGA.3.7_1,1.0,0
UGA.18.2_1,UGA.8.4_1,1.0,0
UGA.18.2_1,UGA.3.2_1,1.0,0
UGA.18.2_1,UGA.3.6_1,1.0,0
UGA.18.2_1,UGA.33.5_1,1.0,0
UGA.18.2_1,UGA.56.2_1,1.0,0
UGA.19.1_1,UGA.52.1_1,1222.0,0
UGA.19.1_1,UGA.52.2_1,462.0,0
UGA.19.1_1,UGA.6.4_1,319.0,0
UGA.19.1_1,UGA.12.3_1,230.0,0
UGA.19.1_1,UGA.26.1_1,159.0,0
UGA.19.1_1,UGA.48.1_1,61.0,0
UGA.19.1_1,UGA.12.4_1,50.0,0
UGA.19.1_1,UGA.48.3_1,42.0,0
UGA.19.1_1,UGA.12.1_1,20.0,0
UGA.19.1_1,UGA.6.3_1,64.0,0
UGA.19.1_1,UGA.12.2_1,27.0,0
UGA.19.1_1,UGA.6.2_1,26.0,0
UGA.19.1_1,UGA.6.5_1,26.0,0
UGA.19.1_1,UGA.48.2_1,22.0,0
UGA.19.1_1,UGA.39.8_1,19.0,0
UGA.19.1_1,UGA.6.1_1,7.0,0
UGA.19.1_1,UGA.21.1_1,23.0,0
UGA.19.1_1,UGA.39.4_1,15.0,0
UGA.19.1_1,UGA.39.6_1,10.0,0
UGA.19.1_1,UGA.39.3_1,18.0,0
UGA.19.1_1,UGA.21.2_1,12.0,0
UGA.19.1_1,UGA.18.2_1,10.0,0
UGA.19.1_1,UGA.39.2_1,12.0,0
UGA.19.1_1,UGA.39.1_1,11.0,0
UGA.19.1_1,UGA.39.7_1,8.0,0
UGA.19.1_1,UGA.39.5_1,6.0,0
UGA.19.1_1,UGA.13.1_1,2.0,0
UGA.19.1_1,UGA.18.1_1,4.0,0
UGA.19.1_1,UGA.5.1_1,6.0,0
UGA.19.1_1,UGA.51.3_1,5.0,0
UGA.19.1_1,UGA.13.3_1,2.0,0
UGA.19.1_1,UGA.13.2_1,5.0,0
UGA.19.1_1,UGA.51.1_1,4.0,0
UGA.19.1_1,UGA.30.2_1,9.0,0
UGA.19.1_1,UGA.51.2_1,1.0,0
UGA.19.1_1,UGA.30.1_1,8.0,0
UGA.19.1_1,UGA.53.2_1,3.0,0
UGA.19.1_1,UGA.51.4_1,3.0,0
UGA.19.1_1,UGA.35.2_1,7.0,0
UGA.19.1_1,UGA.35.1_1,2.0,0
UGA.19.1_1,UGA.35.4_1,2.0,0
UGA.19.1_1,UGA.24.3_1,3.0,0
UGA.19.1_1,UGA.43.2_1,2.0,0
UGA.19.1_1,UGA.24.2_1,2.0,0
UGA.19.1_1,UGA.24.1_1,2.0,0
UGA.19.1_1,UGA.43.3_1,5.0,0
UGA.19.1_1,UGA.9.2_1,1.0,0
UGA.19.1_1,UGA.42.1_1,1.0,0
UGA.19.1_1,UGA.42.3_1,2.0,0
UGA.19.1_1,UGA.43.4_1,2.0,0
UGA.19.1_1,UGA.15.2_1,1.0,0
UGA.19.1_1,UGA.25.1_1,3.0,0
UGA.19.1_1,UGA.9.1_1,1.0,0
UGA.19.1_1,UGA.57.1_1,1.0,0
UGA.19.1_1,UGA.36.2_1,1.0,0
UGA.19.1_1,UGA.16.1_1,7.0,0
UGA.19.1_1,UGA.57.3_1,7.0,0
UGA.19.1_1,UGA.32.1_1,1.0,0
UGA.19.1_1,UGA.44.1_1,1.0,0
UGA.19.1_1,UGA.47.2_1,1.0,0
UGA.19.1_1,UGA.47.3_1,1.0,0
UGA.19.1_1,UGA.23.2_1,1.0,0
UGA.19.1_1,UGA.36.4_1,1.0,0
UGA.19.1_1,UGA.11.1_1,1.0,0
UGA.19.1_1,UGA.17.2_1,1.0,0
UGA.19.1_1,UGA.3.2_1,1.0,0
UGA.19.1_1,UGA.2.4_1,1.0,0
UGA.19.1_1,UGA.50.4_1,1.0,0
UGA.19.1_1,UGA.8.3_1,1.0,0
UGA.19.1_1,UGA.50.3_1,1.0,0
UGA.19.1_1,UGA.3.3_1,2.0,0
UGA.19.1_1,UGA.56.2_1,1.0,0
UGA.19.1_1,UGA.58.1_1,1.0,0
UGA.19.1_1,UGA.50.1_1,1.0,0
UGA.19.1_1,UGA.33.5_1,1.0,0
UGA.19.1_1,UGA.29.2_1,1.0,0
UGA.19.1_1,UGA.38.2_1,1.0,0
UGA.19.1_1,UGA.41.2_1,1.0,0
UGA.19.1_1,UGA.20.2_1,1.0,0
UGA.19.1_1,UGA.45.1_1,1.0,0
UGA.20.1_1,UGA.20.2_1,651.0,0
UGA.20.1_1,UGA.54.3_1,113.0,0
UGA.20.1_1,UGA.20.3_1,165.0,0
UGA.20.1_1,UGA.38.3_1,137.0,0
UGA.20.1_1,UGA.54.2_1,57.0,0
UGA.20.1_1,UGA.54.1_1,47.0,0
UGA.20.1_1,UGA.38.1_1,43.0,0
UGA.20.1_1,UGA.45.1_1,8.0,0
UGA.20.1_1,UGA.38.4_1,4.0,0
UGA.20.1_1,UGA.38.2_1,19.0,0
UGA.20.1_1,UGA.45.3_1,7.0,0
UGA.20.1_1,UGA.29.1_1,6.0,0
UGA.20.1_1,UGA.50.1_1,4.0,0
UGA.20.1_1,UGA.56.4_1,2.0,0
UGA.20.1_1,UGA.29.2_1,2.0,0
UGA.20.1_1,UGA.50.2_1,1.0,0
UGA.20.1_1,UGA.56.3_1,1.0,0
UGA.20.1_1,UGA.56.1_1,2.0,0
UGA.20.1_1,UGA.56.2_1,6.0,0
UGA.20.1_1,UGA.50.3_1,1.0,0
UGA.20.1_1,UGA.22.3_1,1.0,0
UGA.20.1_1,UGA.50.4_1,1.0,0
UGA.20.1_1,UGA.10.2_1,1.0,0
UGA.20.1_1,UGA.55.3_1,2.0,0
UGA.20.1_1,UGA.55.2_1,1.0,0
UGA.20.1_1,UGA.55.4_1,1.0,0
UGA.20.1_1,UGA.4.1_1,2.0,0
UGA.20.1_1,UGA.22.1_1,1.0,0
UGA.20.1_1,UGA.10.4_1,1.0,0
UGA.20.1_1,UGA.17.1_1,1.0,0
UGA.20.1_1,UGA.11.1_1,1.0,0
UGA.20.1_1,UGA.14.1_1,1.0,0
UGA.20.1_1,UGA.17.4_1,1.0,0
UGA.20.1_1,UGA.33.1_1,1.0,0
UGA.20.1_1,UGA.23.2_1,1.0,0
UGA.20.1_1,UGA.44.1_1,1.0,0
UGA.20.1_1,UGA.33.3_1,1.0,0
UGA.20.1_1,UGA.33.2_1,1.0,0
UGA.20.1_1,UGA.49.1_1,2.0,0
UGA.20.1_1,UGA.46.1_1,1.0,0
UGA.20.1_1,UGA.57.3_1,1.0,0
UGA.20.1_1,UGA.57.1_1,1.0,0
UGA.20.1_1,UGA.8.4_1,1.0,0
UGA.20.1_1,UGA.18.1_1,1.0,0
UGA.20.1_1,UGA.39.2_1,2.0,0
UGA.20.1_1,UGA.18.2_1,1.0,0
UGA.20.2_1,UGA.20.3_1,656.0,0
UGA.20.2_1,UGA.20.1_1,226.0,0
UGA.20.2_1,UGA.54.2_1,140.0,0
UGA.20.2_1,UGA.54.3_1,22.0,0
UGA.20.2_1,UGA.45.1_1,47.0,0
UGA.20.2_1,UGA.54.1_1,37.0,0
UGA.20.2_1,UGA.38.3_1,30.0,0
UGA.20.2_1,UGA.29.1_1,15.0,0
UGA.20.2_1,UGA.45.3_1,8.0,0
UGA.20.2_1,UGA.38.4_1,4.0,0
UGA.20.2_1,UGA.38.2_1,20.0,0
UGA.20.2_1,UGA.38.1_1,11.0,0
UGA.20.2_1,UGA.29.2_1,2.0,0
UGA.20.2_1,UGA.50.2_1,2.0,0
UGA.20.2_1,UGA.45.2_1,3.0,0
UGA.20.2_1,UGA.50.1_1,2.0,0
UGA.20.2_1,UGA.22.3_1,1.0,0
UGA.20.2_1,UGA.56.4_1,1.0,0
UGA.20.2_1,UGA.56.1_1,4.0,0
UGA.20.2_1,UGA.50.3_1,1.0,0
UGA.20.2_1,UGA.56.2_1,3.0,0
UGA.20.2_1,UGA.55.4_1,2.0,0
UGA.20.2_1,UGA.22.1_1,2.0,0
UGA.20.2_1,UGA.17.3_1,4.0,0
UGA.20.2_1,UGA.7.1_1,1.0,0
UGA.20.2_1,UGA.4.1_1,1.0,0
UGA.20.2_1,UGA.10.3_1,1.0,0
UGA.20.2_1,UGA.37.1_1,1.0,0
UGA.20.2_1,UGA.17.2_1,1.0,0
UGA.20.2_1,UGA.11.1_1,1.0,0
UGA.20.2_1,UGA.33.6_1,1.0,0
UGA.20.2_1,UGA.11.3_1,1.0,0
UGA.20.2_1,UGA.23.1_1,2.0,0
UGA.20.2_1,UGA.46.1_1,1.0,0
UGA.20.2_1,UGA.57.3_1,1.0,0
UGA.20.2_1,UGA.49.2_1,1.0,0
UGA.20.2_1,UGA.16.1_1,1.0,0
UGA.20.2_1,UGA.2.4_1,1.0,0
UGA.20.2_1,UGA.51.3_1,1.0,0
UGA.20.3_1,UGA.54.2_1,770.0,0
UGA.20.3_1,UGA.54.3_1,76.0,0
UGA.20.3_1,UGA.20.2_1,97.0,0
UGA.20.3_1,UGA.54.1_1,142.0,0
UGA.20.3_1,UGA.20.1_1,33.0,0
UGA.20.3_1,UGA.29.1_1,40.0,0
UGA.20.3_1,UGA.38.3_1,27.0,0
UGA.20.3_1,UGA.38.4_1,8.0,0
UGA.20.3_1,UGA.38.2_1,27.0,0
UGA.20.3_1,UGA.45.1_1,10.0,0
UGA.20.3_1,UGA.38.1_1,14.0,0
UGA.20.3_1,UGA.29.2_1,9.0,0
UGA.20.3_1,UGA.50.2_1,2.0,0
UGA.20.3_1,UGA.50.1_1,2.0,0
UGA.20.3_1,UGA.45.3_1,2.0,0
UGA.20.3_1,UGA.56.4_1,4.0,0
UGA.20.3_1,UGA.29.3_1,2.0,0
UGA.20.3_1,UGA.50.3_1,2.0,0
UGA.20.3_1,UGA.22.3_1,2.0,0
UGA.20.3_1,UGA.56.2_1,2.0,0
UGA.20.3_1,UGA.50.4_1,2.0,0
UGA.20.3_1,UGA.10.2_1,1.0,0
UGA.20.3_1,UGA.55.2_1,3.0,0
UGA.20.3_1,UGA.55.4_1,7.0,0
UGA.20.3_1,UGA.17.3_1,1.0,0
UGA.20.3_1,UGA.7.1_1,2.0,0
UGA.20.3_1,UGA.4.1_1,2.0,0
UGA.20.3_1,UGA.10.3_1,1.0,0
UGA.20.3_1,UGA.10.4_1,2.0,0
UGA.20.3_1,UGA.40.2_1,1.0,0
UGA.20.3_1,UGA.17.2_1,1.0,0
UGA.20.3_1,UGA.33.5_1,1.0,0
UGA.20.3_1,UGA.23.2_1,1.0,0
UGA.20.3_1,UGA.33.2_1,1.0,0
UGA.20.3_1,UGA.34.2_1,1.0,0
UGA.20.3_1,UGA.16.1_1,1.0,0
UGA.20.3_1,UGA.57.1_1,1.0,0
UGA.20.3_1,UGA.8.5_1,1.0,0
UGA.20.3_1,UGA.36.1_1,1.0,0
UGA.20.3_1,UGA.3.6_1,1.0,0
UGA.20.3_1,UGA.6.5_1,1.0,0
UGA.20.3_1,UGA.48.2_1,1.0,0
UGA.33.4_1,UGA.33.2_1,917.0,0
UGA.33.4_1,UGA.2.1_1,95.0,0
UGA.33.4_1,UGA.33.5_1,39.0,0
UGA.33.4_1,UGA.33.1_1,17.0,0
UGA.33.4_1,UGA.2.2_1,16.0,0
UGA.33.4_1,UGA.2.4_1,15.0,0
UGA.33.4_1,UGA.33.6_1,7.0,0
UGA.33.4_1,UGA.8.5_1,12.0,0
UGA.33.4_1,UGA.14.2_1,4.0,0
UGA.33.4_1,UGA.2.3_1,3.0,0
UGA.33.4_1,UGA.33.3_1,3.0,0
UGA.33.4_1,UGA.49.2_1,3.0,0
UGA.33.4_1,UGA.22.1_1,1.0,0
UGA.33.4_1,UGA.49.1_1,6.0,0
UGA.33.4_1,UGA.55.4_1,5.0,0
UGA.33.4_1,UGA.55.1_1,2.0,0
UGA.33.4_1,UGA.55.3_1,1.0,0
UGA.33.4_1,UGA.36.4_1,2.0,0
UGA.33.4_1,UGA.55.2_1,1.0,0
UGA.33.4_1,UGA.46.1_1,2.0,0
UGA.33.4_1,UGA.17.1_1,1.0,0
UGA.33.4_1,UGA.29.3_1,1.0,0
UGA.33.4_1,UGA.27.1_1,1.0,0
UGA.33.4_1,UGA.36.3_1,1.0,0
UGA.33.4_1,UGA.17.2_1,1.0,0
UGA.33.4_1,UGA.40.1_1,1.0,0
UGA.33.4_1,UGA.34.1_1,1.0,0
UGA.33.4_1,UGA.50.3_1,1.0,0
UGA.33.4_1,UGA.23.2_1,1.0,0
UGA.33.4_1,UGA.11.3_1,1.0,0
UGA.33.4_1,UGA.57.3_1,1.0,0
UGA.33.4_1,UGA.38.3_1,1.0,0
UGA.33.4_1,UGA.37.1_1,1.0,0
UGA.33.4_1,UGA.13.2_1,1.0,0
UGA.33.5_1,UGA.33.6_1,973.0,0
UGA.33.5_1,UGA.33.2_1,900.0,0
UGA.33.5_1,UGA.33.4_1,138.0,0
UGA.33.5_1,UGA.33.1_1,158.0,0
UGA.33.5_1,UGA.14.2_1,68.0,0
UGA.33.5_1,UGA.22.1_1,94.0,0
UGA.33.5_1,UGA.22.2_1,35.0,0
UGA.33.5_1,UGA.2.1_1,77.0,0
UGA.33.5_1,UGA.14.1_1,25.0,0
UGA.33.5_1,UGA.55.4_1,43.0,0
UGA.33.5_1,UGA.2.2_1,21.0,0
UGA.33.5_1,UGA.55.3_1,4.0,0
UGA.33.5_1,UGA.49.1_1,29.0,0
UGA.33.5_1,UGA.28.3_1,11.0,0
UGA.33.5_1,UGA.49.2_1,19.0,0
UGA.33.5_1,UGA.2.4_1,36.0,0
UGA.33.5_1,UGA.55.1_1,11.0,0
UGA.33.5_1,UGA.55.2_1,9.0,0
UGA.33.5_1,UGA.33.3_1,3.0,0
UGA.33.5_1,UGA.22.3_1,9.0,0
UGA.33.5_1,UGA.8.5_1,11.0,0
UGA.33.5_1,UGA.2.3_1,10.0,0
UGA.33.5_1,UGA.29.3_1,3.0,0
UGA.33.5_1,UGA.40.1_1,9.0,0
UGA.33.5_1,UGA.17.1_1,4.0,0
UGA.33.5_1,UGA.28.2_1,5.0,0
UGA.33.5_1,UGA.29.2_1,6.0,0
UGA.33.5_1,UGA.8.2_1,3.0,0
UGA.33.5_1,UGA.50.4_1,6.0,0
UGA.33.5_1,UGA.8.1_1,2.0,0
UGA.33.5_1,UGA.27.1_1,4.0,0
UGA.33.5_1,UGA.17.3_1,6.0,0
UGA.33.5_1,UGA.23.1_1,2.0,0
UGA.33.5_1,UGA.46.1_1,5.0,0
UGA.33.5_1,UGA.29.1_1,2.0,0
UGA.33.5_1,UGA.50.2_1,2.0,0
UGA.33.5_1,UGA.17.2_1,6.0,0
UGA.33.5_1,UGA.36.4_1,2.0,0
UGA.33.5_1,UGA.50.3_1,3.0,0
UGA.33.5_1,UGA.54.2_1,2.0,0
UGA.33.5_1,UGA.45.1_1,2.0,0
UGA.33.5_1,UGA.27.2_1,2.0,0
UGA.33.5_1,UGA.8.4_1,1.0,0
UGA.33.5_1,UGA.10.2_1,3.0,0
UGA.33.5_1,UGA.10.4_1,4.0,0
UGA.33.5_1,UGA.17.4_1,2.0,0
UGA.33.5_1,UGA.8.3_1,1.0,0
UGA.33.5_1,UGA.34.1_1,2.0,0
UGA.33.5_1,UGA.56.1_1,3.0,0
UGA.33.5_1,UGA.28.1_1,2.0,0
UGA.33.5_1,UGA.10.3_1,1.0,0
UGA.33.5_1,UGA.38.2_1,1.0,0
UGA.33.5_1,UGA.36.3_1,2.0,0
UGA.33.5_1,UGA.54.3_1,1.0,0
UGA.33.5_1,UGA.34.3_1,1.0,0
UGA.33.5_1,UGA.34.2_1,2.0,0
UGA.33.5_1,UGA.11.3_1,1.0,0
UGA.33.5_1,UGA.38.3_1,2.0,0
UGA.33.5_1,UGA.45.3_1,2.0,0
UGA.33.5_1,UGA.56.2_1,3.0,0
UGA.33.5_1,UGA.11.1_1,1.0,0
UGA.33.5_1,UGA.44.4_1,1.0,0
UGA.33.5_1,UGA.38.1_1,3.0,0
UGA.33.5_1,UGA.1.1_1,1.0,0
UGA.33.5_1,UGA.47.1_1,1.0,0
UGA.33.5_1,UGA.37.1_1,1.0,0
UGA.33.5_1,UGA.25.1_1,1.0,0
UGA.33.5_1,UGA.57.3_1,3.0,0
UGA.33.5_1,UGA.44.3_1,2.0,0
UGA.33.5_1,UGA.16.1_1,2.0,0
UGA.33.5_1,UGA.9.1_1,1.0,0
UGA.33.5_1,UGA.43.4_1,1.0,0
UGA.33.5_1,UGA.57.1_1,1.0,0
UGA.33.5_1,UGA.47.2_1,1.0,0
UGA.33.5_1,UGA.9.2_1,2.0,0
UGA.33.5_1,UGA.3.3_1,1.0,0
UGA.33.5_1,UGA.43.2_1,1.0,0
UGA.33.5_1,UGA.15.1_1,1.0,0
UGA.33.5_1,UGA.30.2_1,3.0,0
UGA.33.5_1,UGA.39.5_1,1.0,0
UGA.33.6_1,UGA.33.5_1,942.0,0
UGA.33.6_1,UGA.33.2_1,254.0,0
UGA.33.6_1,UGA.49.1_1,49.0,0
UGA.33.6_1,UGA.28.3_1,21.0,0
UGA.33.6_1,UGA.22.2_1,13.0,0
UGA.33.6_1,UGA.33.4_1,10.0,0
UGA.33.6_1,UGA.22.1_1,26.0,0
UGA.33.6_1,UGA.33.1_1,17.0,0
UGA.33.6_1,UGA.2.1_1,23.0,0
UGA.33.6_1,UGA.14.2_1,8.0,0
UGA.33.6_1,UGA.49.2_1,12.0,0
UGA.33.6_1,UGA.55.4_1,10.0,0
UGA.33.6_1,UGA.14.1_1,2.0,0
UGA.33.6_1,UGA.28.2_1,4.0,0
UGA.33.6_1,UGA.2.2_1,6.0,0
UGA.33.6_1,UGA.40.1_1,1.0,0
UGA.33.6_1,UGA.22.3_1,2.0,0
UGA.33.6_1,UGA.2.4_1,6.0,0
UGA.33.6_1,UGA.8.5_1,2.0,0
UGA.33.6_1,UGA.27.1_1,2.0,0
UGA.33.6_1,UGA.55.1_1,1.0,0
UGA.33.6_1,UGA.55.2_1,3.0,0
UGA.33.6_1,UGA.29.3_1,1.0,0
UGA.33.6_1,UGA.33.3_1,1.0,0
UGA.33.6_1,UGA.8.1_1,1.0,0
UGA.33.6_1,UGA.8.2_1,1.0,0
UGA.33.6_1,UGA.2.3_1,1.0,0
UGA.33.6_1,UGA.29.2_1,3.0,0
UGA.33.6_1,UGA.17.1_1,2.0,0
UGA.33.6_1,UGA.27.2_1,1.0,0
UGA.33.6_1,UGA.50.4_1,1.0,0
UGA.33.6_1,UGA.50.2_1,1.0,0
UGA.33.6_1,UGA.17.3_1,1.0,0
UGA.33.6_1,UGA.36.4_1,1.0,0
UGA.33.6_1,UGA.8.3_1,1.0,0
UGA.33.6_1,UGA.17.2_1,4.0,0
UGA.33.6_1,UGA.50.1_1,1.0,0
UGA.33.6_1,UGA.54.1_1,1.0,0
UGA.33.6_1,UGA.38.2_1,2.0,0
UGA.33.6_1,UGA.10.3_1,1.0,0
UGA.33.6_1,UGA.1.1_1,1.0,0
UGA.33.6_1,UGA.56.2_1,1.0,0
UGA.33.6_1,UGA.34.2_1,1.0,0
UGA.33.6_1,UGA.57.3_1,1.0,0
UGA.33.6_1,UGA.3.1_1,1.0,0
UGA.33.6_1,UGA.39.2_1,1.0,0
UGA.34.1_1,UGA.34.2_1,1368.0,0
UGA.34.1_1,UGA.44.4_1,277.0,0
UGA.34.1_1,UGA.23.1_1,111.0,0
UGA.34.1_1,UGA.23.2_1,110.0,0
UGA.34.1_1,UGA.57.3_1,232.0,0
UGA.34.1_1,UGA.17.2_1,23.0,0
UGA.34.1_1,UGA.17.4_1,4.0,0
UGA.34.1_1,UGA.16.1_1,48.0,0
UGA.34.1_1,UGA.34.3_1,5.0,0
UGA.34.1_1,UGA.11.3_1,3.0,0
UGA.34.1_1,UGA.46.1_1,3.0,0
UGA.34.1_1,UGA.44.3_1,9.0,0
UGA.34.1_1,UGA.57.1_1,18.0,0
UGA.34.1_1,UGA.17.1_1,3.0,0
UGA.34.1_1,UGA.44.1_1,3.0,0
UGA.34.1_1,UGA.43.4_1,4.0,0
UGA.34.1_1,UGA.33.3_1,2.0,0
UGA.34.1_1,UGA.10.3_1,1.0,0
UGA.34.1_1,UGA.57.2_1,1.0,0
UGA.34.1_1,UGA.43.1_1,1.0,0
UGA.34.1_1,UGA.17.3_1,2.0,0
UGA.34.1_1,UGA.42.3_1,2.0,0
UGA.34.1_1,UGA.25.1_1,2.0,0
UGA.34.1_1,UGA.37.1_1,2.0,0
UGA.34.1_1,UGA.14.1_1,1.0,0
UGA.34.1_1,UGA.43.3_1,1.0,0
UGA.34.1_1,UGA.10.2_1,4.0,0
UGA.34.1_1,UGA.2.2_1,2.0,0
UGA.34.1_1,UGA.55.2_1,2.0,0
UGA.34.1_1,UGA.42.2_1,1.0,0
UGA.34.1_1,UGA.4.1_1,2.0,0
UGA.34.1_1,UGA.36.3_1,2.0,0
UGA.34.1_1,UGA.56.1_1,1.0,0
UGA.34.1_1,UGA.35.3_1,1.0,0
UGA.34.1_1,UGA.50.1_1,1.0,0
UGA.34.1_1,UGA.36.2_1,1.0,0
UGA.34.1_1,UGA.35.1_1,1.0,0
UGA.34.1_1,UGA.29.2_1,1.0,0
UGA.34.1_1,UGA.35.4_1,1.0,0
UGA.34.1_1,UGA.56.4_1,1.0,0
UGA.34.1_1,UGA.9.1_1,1.0,0
UGA.34.1_1,UGA.38.2_1,1.0,0
UGA.34.1_1,UGA.2.4_1,1.0,0
UGA.34.1_1,UGA.35.2_1,1.0,0
UGA.34.1_1,UGA.54.1_1,1.0,0
UGA.34.1_1,UGA.38.1_1,1.0,0
UGA.34.1_1,UGA.22.2_1,1.0,0
UGA.34.1_1,UGA.54.2_1,1.0,0
UGA.34.1_1,UGA.20.3_1,1.0,0
UGA.34.1_1,UGA.30.2_1,1.0,0
UGA.34.1_1,UGA.39.7_1,1.0,0
UGA.34.1_1,UGA.5.1_1,1.0,0
UGA.34.1_1,UGA.27.1_1,1.0,0
UGA.34.1_1,UGA.21.2_1,1.0,0
UGA.34.1_1,UGA.21.1_1,2.0,0
UGA.34.1_1,UGA.28.1_1,1.0,0
UGA.34.2_1,UGA.34.1_1,1374.0,0
UGA.34.2_1,UGA.57.3_1,1531.0,0
UGA.34.2_1,UGA.34.3_1,70.0,0
UGA.34.2_1,UGA.44.4_1,40.0,0
UGA.34.2_1,UGA.23.1_1,18.0,0
UGA.34.2_1,UGA.16.1_1,160.0,0
UGA.34.2_1,UGA.23.2_1,16.0,0
UGA.34.2_1,UGA.43.4_1,14.0,0
UGA.34.2_1,UGA.57.1_1,55.0,0
UGA.34.2_1,UGA.46.1_1,9.0,0
UGA.34.2_1,UGA.44.3_1,10.0,0
UGA.34.2_1,UGA.17.2_1,17.0,0
UGA.34.2_1,UGA.17.4_1,5.0,0
UGA.34.2_1,UGA.43.1_1,2.0,0
UGA.34.2_1,UGA.11.3_1,5.0,0
UGA.34.2_1,UGA.44.1_1,7.0,0
UGA.34.2_1,UGA.25.1_1,1.0,0
UGA.34.2_1,UGA.57.2_1,2.0,0
UGA.34.2_1,UGA.42.3_1,5.0,0
UGA.34.2_1,UGA.42.1_1,2.0,0
UGA.34.2_1,UGA.43.3_1,6.0,0
UGA.34.2_1,UGA.17.1_1,4.0,0
UGA.34.2_1,UGA.11.2_1,3.0,0
UGA.34.2_1,UGA.33.3_1,4.0,0
UGA.34.2_1,UGA.11.1_1,2.0,0
UGA.34.2_1,UGA.10.4_1,2.0,0
UGA.34.2_1,UGA.42.2_1,3.0,0
UGA.34.2_1,UGA.10.3_1,5.0,0
UGA.34.2_1,UGA.44.2_1,2.0,0
UGA.34.2_1,UGA.55.1_1,1.0,0
UGA.34.2_1,UGA.17.3_1,3.0,0
UGA.34.2_1,UGA.37.1_1,5.0,0
UGA.34.2_1,UGA.2.2_1,1.0,0
UGA.34.2_1,UGA.35.3_1,1.0,0
UGA.34.2_1,UGA.10.1_1,1.0,0
UGA.34.2_1,UGA.43.2_1,2.0,0
UGA.34.2_1,UGA.24.1_1,3.0,0
UGA.34.2_1,UGA.10.2_1,1.0,0
UGA.34.2_1,UGA.50.4_1,2.0,0
UGA.34.2_1,UGA.55.2_1,2.0,0
UGA.34.2_1,UGA.35.1_1,1.0,0
UGA.34.2_1,UGA.33.1_1,2.0,0
UGA.34.2_1,UGA.36.4_1,1.0,0
UGA.34.2_1,UGA.14.2_1,1.0,0
UGA.34.2_1,UGA.32.1_1,1.0,0
UGA.34.2_1,UGA.9.1_1,2.0,0
UGA.34.2_1,UGA.35.4_1,2.0,0
UGA.34.2_1,UGA.4.1_1,2.0,0
UGA.34.2_1,UGA.24.3_1,2.0,0
UGA.34.2_1,UGA.29.3_1,1.0,0
UGA.34.2_1,UGA.56.1_1,2.0,0
UGA.34.2_1,UGA.55.4_1,1.0,0
UGA.34.2_1,UGA.35.2_1,1.0,0
UGA.34.2_1,UGA.9.2_1,2.0,0
UGA.34.2_1,UGA.30.1_1,2.0,0
UGA.34.2_1,UGA.36.1_1,1.0,0
UGA.34.2_1,UGA.50.1_1,1.0,0
UGA.34.2_1,UGA.2.4_1,2.0,0
UGA.34.2_1,UGA.33.5_1,1.0,0
UGA.34.2_1,UGA.51.1_1,1.0,0
UGA.34.2_1,UGA.24.2_1,3.0,0
UGA.34.2_1,UGA.51.4_1,1.0,0
UGA.34.2_1,UGA.56.4_1,1.0,0
UGA.34.2_1,UGA.30.2_1,1.0,0
UGA.34.2_1,UGA.39.5_1,2.0,0
UGA.34.2_1,UGA.38.1_1,1.0,0
UGA.34.2_1,UGA.33.6_1,1.0,0
UGA.34.2_1,UGA.54.2_1,2.0,0
UGA.34.2_1,UGA.39.7_1,1.0,0
UGA.34.2_1,UGA.51.2_1,1.0,0
UGA.34.2_1,UGA.18.1_1,1.0,0
UGA.34.2_1,UGA.13.2_1,1.0,0
UGA.34.2_1,UGA.49.2_1,1.0,0
UGA.34.2_1,UGA.20.2_1,1.0,0
UGA.34.2_1,UGA.39.3_1,1.0,0
UGA.34.2_1,UGA.5.1_1,2.0,0
UGA.34.2_1,UGA.45.2_1,1.0,0
UGA.34.2_1,UGA.39.8_1,1.0,0
UGA.34.2_1,UGA.21.2_1,1.0,0
UGA.34.2_1,UGA.6.5_1,2.0,0
UGA.34.2_1,UGA.27.1_1,1.0,0
UGA.34.2_1,UGA.48.2_1,1.0,0
UGA.34.2_1,UGA.21.1_1,1.0,0
UGA.34.2_1,UGA.58.1_1,1.0,0
UGA.34.2_1,UGA.3.3_1,1.0,0
UGA.34.3_1,UGA.34.2_1,1452.0,0
UGA.34.3_1,UGA.46.1_1,301.0,0
UGA.34.3_1,UGA.25.1_1,280.0,0
UGA.34.3_1,UGA.34.1_1,63.0,0
UGA.34.3_1,UGA.43.4_1,61.0,0
UGA.34.3_1,UGA.43.3_1,73.0,0
UGA.34.3_1,UGA.23.1_1,33.0,0
UGA.34.3_1,UGA.36.3_1,27.0,0
UGA.34.3_1,UGA.57.3_1,119.0,0
UGA.34.3_1,UGA.43.1_1,6.0,0
UGA.34.3_1,UGA.57.1_1,39.0,0
UGA.34.3_1,UGA.33.3_1,1.0,0
UGA.34.3_1,UGA.44.4_1,6.0,0
UGA.34.3_1,UGA.16.1_1,25.0,0
UGA.34.3_1,UGA.2.3_1,3.0,0
UGA.34.3_1,UGA.24.1_1,3.0,0
UGA.34.3_1,UGA.23.2_1,2.0,0
UGA.34.3_1,UGA.42.1_1,1.0,0
UGA.34.3_1,UGA.42.3_1,3.0,0
UGA.34.3_1,UGA.43.2_1,7.0,0
UGA.34.3_1,UGA.42.2_1,1.0,0
UGA.34.3_1,UGA.9.1_1,4.0,0
UGA.34.3_1,UGA.44.3_1,2.0,0
UGA.34.3_1,UGA.17.1_1,2.0,0
UGA.34.3_1,UGA.36.4_1,2.0,0
UGA.34.3_1,UGA.2.2_1,1.0,0
UGA.34.3_1,UGA.11.3_1,3.0,0
UGA.34.3_1,UGA.24.3_1,1.0,0
UGA.34.3_1,UGA.9.2_1,2.0,0
UGA.34.3_1,UGA.10.4_1,1.0,0
UGA.34.3_1,UGA.35.1_1,1.0,0
UGA.34.3_1,UGA.30.1_1,3.0,0
UGA.34.3_1,UGA.17.3_1,1.0,0
UGA.34.3_1,UGA.10.3_1,2.0,0
UGA.34.3_1,UGA.53.2_1,1.0,0
UGA.34.3_1,UGA.2.4_1,1.0,0
UGA.34.3_1,UGA.2.1_1,2.0,0
UGA.34.3_1,UGA.33.2_1,2.0,0
UGA.34.3_1,UGA.10.1_1,1.0,0
UGA.34.3_1,UGA.37.1_1,3.0,0
UGA.34.3_1,UGA.50.4_1,1.0,0
UGA.34.3_1,UGA.10.2_1,1.0,0
UGA.34.3_1,UGA.50.3_1,1.0,0
UGA.34.3_1,UGA.8.5_1,1.0,0
UGA.34.3_1,UGA.4.1_1,1.0,0
UGA.34.3_1,UGA.50.1_1,2.0,0
UGA.34.3_1,UGA.47.2_1,1.0,0
UGA.34.3_1,UGA.18.2_1,1.0,0
UGA.34.3_1,UGA.5.1_1,1.0,0
UGA.34.3_1,UGA.38.1_1,1.0,0
UGA.34.3_1,UGA.39.6_1,1.0,0
UGA.34.3_1,UGA.41.1_1,1.0,0
UGA.34.3_1,UGA.39.8_1,2.0,0
UGA.34.3_1,UGA.58.1_1,1.0,0
UGA.34.3_1,UGA.28.2_1,1.0,0
UGA.34.3_1,UGA.3.3_1,1.0,0
UGA.34.3_1,UGA.52.1_1,1.0,0
UGA.35.1_1,UGA.35.3_1,987.0,0
UGA.35.1_1,UGA.53.2_1,267.0,0
UGA.35.1_1,UGA.35.4_1,84.0,0
UGA.35.1_1,UGA.35.2_1,155.0,0
UGA.35.1_1,UGA.42.2_1,15.0,0
UGA.35.1_1,UGA.51.1_1,11.0,0
UGA.35.1_1,UGA.51.4_1,19.0,0
UGA.35.1_1,UGA.53.1_1,9.0,0
UGA.35.1_1,UGA.42.1_1,7.0,0
UGA.35.1_1,UGA.42.3_1,21.0,0
UGA.35.1_1,UGA.43.1_1,5.0,0
UGA.35.1_1,UGA.15.1_1,3.0,0
UGA.35.1_1,UGA.51.3_1,11.0,0
UGA.35.1_1,UGA.43.2_1,18.0,0
UGA.35.1_1,UGA.43.3_1,14.0,0
UGA.35.1_1,UGA.39.7_1,3.0,0
UGA.35.1_1,UGA.51.2_1,2.0,0
UGA.35.1_1,UGA.43.4_1,5.0,0
UGA.35.1_1,UGA.15.2_1,1.0,0
UGA.35.1_1,UGA.57.2_1,1.0,0
UGA.35.1_1,UGA.39.5_1,3.0,0
UGA.35.1_1,UGA.30.1_1,6.0,0
UGA.35.1_1,UGA.57.1_1,9.0,0
UGA.35.1_1,UGA.39.1_1,3.0,0
UGA.35.1_1,UGA.16.1_1,9.0,0
UGA.35.1_1,UGA.39.4_1,2.0,0
UGA.35.1_1,UGA.39.6_1,2.0,0
UGA.35.1_1,UGA.57.3_1,7.0,0
UGA.35.1_1,UGA.25.1_1,2.0,0
UGA.35.1_1,UGA.39.3_1,1.0,0
UGA.35.1_1,UGA.44.3_1,1.0,0
UGA.35.1_1,UGA.6.1_1,1.0,0
UGA.35.1_1,UGA.6.5_1,1.0,0
UGA.35.1_1,UGA.9.2_1,1.0,0
UGA.35.1_1,UGA.6.4_1,1.0,0
UGA.35.1_1,UGA.48.3_1,1.0,0
UGA.35.1_1,UGA.10.3_1,1.0,0
UGA.35.1_1,UGA.4.1_1,1.0,0
UGA.35.1_1,UGA.2.4_1,1.0,0
UGA.35.1_1,UGA.47.2_1,1.0,0
UGA.35.1_1,UGA.38.2_1,1.0,0
UGA.35.2_1,UGA.35.4_1,1037.0,0
UGA.35.2_1,UGA.51.4_1,1055.0,0
UGA.35.2_1,UGA.35.1_1,599.0,0
UGA.35.2_1,UGA.35.3_1,561.0,0
UGA.35.2_1,UGA.53.2_1,392.0,0
UGA.35.2_1,UGA.51.3_1,345.0,0
UGA.35.2_1,UGA.51.1_1,105.0,0
UGA.35.2_1,UGA.51.2_1,125.0,0
UGA.35.2_1,UGA.15.1_1,32.0,0
UGA.35.2_1,UGA.42.2_1,146.0,0
UGA.35.2_1,UGA.53.1_1,46.0,0
UGA.35.2_1,UGA.42.1_1,75.0,0
UGA.35.2_1,UGA.39.7_1,105.0,0
UGA.35.2_1,UGA.42.3_1,125.0,0
UGA.35.2_1,UGA.15.2_1,11.0,0
UGA.35.2_1,UGA.39.1_1,104.0,0
UGA.35.2_1,UGA.43.1_1,28.0,0
UGA.35.2_1,UGA.57.2_1,17.0,0
UGA.35.2_1,UGA.43.2_1,130.0,0
UGA.35.2_1,UGA.43.3_1,65.0,0
UGA.35.2_1,UGA.39.5_1,26.0,0
UGA.35.2_1,UGA.39.6_1,17.0,0
UGA.35.2_1,UGA.43.4_1,45.0,0
UGA.35.2_1,UGA.39.3_1,35.0,0
UGA.35.2_1,UGA.57.1_1,133.0,0
UGA.35.2_1,UGA.39.4_1,15.0,0
UGA.35.2_1,UGA.30.1_1,39.0,0
UGA.35.2_1,UGA.39.8_1,7.0,0
UGA.35.2_1,UGA.39.2_1,15.0,0
UGA.35.2_1,UGA.16.1_1,77.0,0
UGA.35.2_1,UGA.57.3_1,45.0,0
UGA.35.2_1,UGA.6.1_1,3.0,0
UGA.35.2_1,UGA.18.1_1,12.0,0
UGA.35.2_1,UGA.44.3_1,9.0,0
UGA.35.2_1,UGA.32.1_1,4.0,0
UGA.35.2_1,UGA.6.5_1,3.0,0
UGA.35.2_1,UGA.24.3_1,6.0,0
UGA.35.2_1,UGA.18.2_1,5.0,0
UGA.35.2_1,UGA.48.2_1,6.0,0
UGA.35.2_1,UGA.25.1_1,8.0,0
UGA.35.2_1,UGA.24.1_1,10.0,0
UGA.35.2_1,UGA.30.2_1,6.0,0
UGA.35.2_1,UGA.34.2_1,5.0,0
UGA.35.2_1,UGA.6.3_1,5.0,0
UGA.35.2_1,UGA.34.3_1,1.0,0
UGA.35.2_1,UGA.48.1_1,1.0,0
UGA.35.2_1,UGA.44.4_1,5.0,0
UGA.35.2_1,UGA.44.1_1,6.0,0
UGA.35.2_1,UGA.48.3_1,3.0,0
UGA.35.2_1,UGA.34.1_1,2.0,0
UGA.35.2_1,UGA.24.2_1,7.0,0
UGA.35.2_1,UGA.6.4_1,4.0,0
UGA.35.2_1,UGA.21.2_1,3.0,0
UGA.35.2_1,UGA.13.2_1,1.0,0
UGA.35.2_1,UGA.12.4_1,1.0,0
UGA.35.2_1,UGA.13.1_1,2.0,0
UGA.35.2_1,UGA.13.3_1,1.0,0
UGA.35.2_1,UGA.44.2_1,1.0,0
UGA.35.2_1,UGA.23.2_1,2.0,0
UGA.35.2_1,UGA.52.1_1,2.0,0
UGA.35.2_1,UGA.9.2_1,3.0,0
UGA.35.2_1,UGA.12.1_1,1.0,0
UGA.35.2_1,UGA.12.2_1,1.0,0
UGA.35.2_1,UGA.21.1_1,2.0,0
UGA.35.2_1,UGA.11.1_1,1.0,0
UGA.35.2_1,UGA.17.4_1,1.0,0
UGA.35.2_1,UGA.46.1_1,1.0,0
UGA.35.2_1,UGA.5.1_1,2.0,0
UGA.35.2_1,UGA.12.3_1,1.0,0
UGA.35.2_1,UGA.23.1_1,1.0,0
UGA.35.2_1,UGA.9.1_1,1.0,0
UGA.35.2_1,UGA.19.1_1,2.0,0
UGA.35.2_1,UGA.37.1_1,6.0,0
UGA.35.2_1,UGA.10.4_1,1.0,0
UGA.35.2_1,UGA.36.3_1,1.0,0
UGA.35.2_1,UGA.26.1_1,4.0,0
UGA.35.2_1,UGA.10.1_1,2.0,0
UGA.35.2_1,UGA.17.1_1,4.0,0
UGA.35.2_1,UGA.4.1_1,4.0,0
UGA.35.2_1,UGA.36.1_1,1.0,0
UGA.35.2_1,UGA.10.2_1,3.0,0
UGA.35.2_1,UGA.2.3_1,1.0,0
UGA.35.2_1,UGA.36.4_1,1.0,0
UGA.35.2_1,UGA.14.1_1,1.0,0
UGA.35.2_1,UGA.50.4_1,1.0,0
UGA.35.2_1,UGA.56.1_1,1.0,0
UGA.35.2_1,UGA.55.2_1,3.0,0
UGA.35.2_1,UGA.33.1_1,1.0,0
UGA.35.2_1,UGA.50.1_1,1.0,0
UGA.35.2_1,UGA.56.4_1,1.0,0
UGA.35.2_1,UGA.50.2_1,1.0,0
UGA.35.2_1,UGA.47.3_1,1.0,0
UGA.35.2_1,UGA.2.4_1,1.0,0
UGA.35.2_1,UGA.47.1_1,1.0,0
UGA.35.2_1,UGA.55.4_1,1.0,0
UGA.35.2_1,UGA.38.4_1,1.0,0
UGA.35.2_1,UGA.29.2_1,2.0,0
UGA.35.2_1,UGA.38.1_1,2.0,0
UGA.35.2_1,UGA.38.3_1,1.0,0
UGA.35.2_1,UGA.33.5_1,1.0,0
UGA.35.2_1,UGA.22.1_1,1.0,0
UGA.35.2_1,UGA.3.2_1,1.0,0
UGA.35.2_1,UGA.49.2_1,1.0,0
UGA.35.2_1,UGA.3.5_1,1.0,0
UGA.35.2_1,UGA.49.1_1,1.0,0
UGA.35.2_1,UGA.58.1_1,3.0,0
UGA.35.2_1,UGA.27.2_1,1.0,0
UGA.35.2_1,UGA.40.2_1,1.0,0
UGA.35.2_1,UGA.28.1_1,1.0,0
UGA.35.3_1,UGA.35.1_1,928.0,0
UGA.35.3_1,UGA.35.4_1,303.0,0
UGA.35.3_1,UGA.42.2_1,259.0,0
UGA.35.3_1,UGA.35.2_1,284.0,0
UGA.35.3_1,UGA.53.2_1,59.0,0
UGA.35.3_1,UGA.42.1_1,22.0,0
UGA.35.3_1,UGA.42.3_1,49.0,0
UGA.35.3_1,UGA.43.1_1,14.0,0
UGA.35.3_1,UGA.15.1_1,3.0,0
UGA.35.3_1,UGA.51.4_1,13.0,0
UGA.35.3_1,UGA.51.1_1,15.0,0
UGA.35.3_1,UGA.43.3_1,30.0,0
UGA.35.3_1,UGA.53.1_1,5.0,0
UGA.35.3_1,UGA.43.4_1,14.0,0
UGA.35.3_1,UGA.57.2_1,3.0,0
UGA.35.3_1,UGA.15.2_1,2.0,0
UGA.35.3_1,UGA.57.1_1,50.0,0
UGA.35.3_1,UGA.43.2_1,13.0,0
UGA.35.3_1,UGA.51.3_1,1.0,0
UGA.35.3_1,UGA.16.1_1,18.0,0
UGA.35.3_1,UGA.39.7_1,1.0,0
UGA.35.3_1,UGA.57.3_1,7.0,0
UGA.35.3_1,UGA.30.1_1,3.0,0
UGA.35.3_1,UGA.39.5_1,1.0,0
UGA.35.3_1,UGA.44.3_1,2.0,0
UGA.35.3_1,UGA.25.1_1,1.0,0
UGA.35.3_1,UGA.39.1_1,3.0,0
UGA.35.3_1,UGA.34.2_1,2.0,0
UGA.35.3_1,UGA.24.3_1,2.0,0
UGA.35.3_1,UGA.39.4_1,2.0,0
UGA.35.3_1,UGA.30.2_1,1.0,0
UGA.35.3_1,UGA.39.8_1,1.0,0
UGA.35.3_1,UGA.24.2_1,1.0,0
UGA.35.3_1,UGA.46.1_1,1.0,0
UGA.35.3_1,UGA.23.1_1,1.0,0
UGA.35.3_1,UGA.48.2_1,1.0,0
UGA.35.3_1,UGA.13.2_1,1.0,0
UGA.35.3_1,UGA.21.2_1,1.0,0
UGA.35.3_1,UGA.37.1_1,1.0,0
UGA.35.3_1,UGA.48.1_1,1.0,0
UGA.35.3_1,UGA.17.1_1,1.0,0
UGA.35.3_1,UGA.10.1_1,1.0,0
UGA.35.3_1,UGA.36.4_1,1.0,0
UGA.35.3_1,UGA.50.3_1,1.0,0
UGA.35.3_1,UGA.56.1_1,1.0,0
UGA.35.4_1,UGA.35.2_1,985.0,0
UGA.35.4_1,UGA.35.1_1,35.0,0
UGA.35.4_1,UGA.35.3_1,34.0,0
UGA.35.4_1,UGA.51.4_1,21.0,0
UGA.35.4_1,UGA.53.2_1,26.0,0
UGA.35.4_1,UGA.15.1_1,1.0,0
UGA.35.4_1,UGA.42.2_1,13.0,0
UGA.35.4_1,UGA.51.1_1,7.0,0
UGA.35.4_1,UGA.51.3_1,13.0,0
UGA.35.4_1,UGA.42.1_1,6.0,0
UGA.35.4_1,UGA.51.2_1,1.0,0
UGA.35.4_1,UGA.42.3_1,7.0,0
UGA.35.4_1,UGA.43.1_1,3.0,0
UGA.35.4_1,UGA.57.2_1,2.0,0
UGA.35.4_1,UGA.39.7_1,3.0,0
UGA.35.4_1,UGA.43.3_1,3.0,0
UGA.35.4_1,UGA.43.4_1,3.0,0
UGA.35.4_1,UGA.57.1_1,9.0,0
UGA.35.4_1,UGA.43.2_1,3.0,0
UGA.35.4_1,UGA.39.5_1,1.0,0
UGA.35.4_1,UGA.30.1_1,1.0,0
UGA.35.4_1,UGA.16.1_1,5.0,0
UGA.35.4_1,UGA.57.3_1,3.0,0
UGA.35.4_1,UGA.44.3_1,1.0,0
UGA.35.4_1,UGA.39.8_1,1.0,0
UGA.35.4_1,UGA.30.2_1,1.0,0
UGA.35.4_1,UGA.11.2_1,1.0,0
UGA.35.4_1,UGA.21.1_1,1.0,0
UGA.35.4_1,UGA.29.1_1,1.0,0
UGA.35.4_1,UGA.49.2_1,1.0,0
UGA.35.4_1,UGA.3.2_1,1.0,0
UGA.36.2_1,UGA.36.3_1,683.0,0
UGA.36.2_1,UGA.9.1_1,173.0,0
UGA.36.2_1,UGA.36.1_1,25.0,0
UGA.36.2_1,UGA.36.4_1,36.0,0
UGA.36.2_1,UGA.9.2_1,8.0,0
UGA.36.2_1,UGA.25.1_1,15.0,0
UGA.36.2_1,UGA.24.1_1,8.0,0
UGA.36.2_1,UGA.34.3_1,5.0,0
UGA.36.2_1,UGA.2.3_1,3.0,0
UGA.36.2_1,UGA.46.1_1,2.0,0
UGA.36.2_1,UGA.47.1_1,1.0,0
UGA.36.2_1,UGA.47.3_1,2.0,0
UGA.36.2_1,UGA.24.3_1,1.0,0
UGA.36.2_1,UGA.24.2_1,2.0,0
UGA.36.2_1,UGA.47.2_1,4.0,0
UGA.36.2_1,UGA.43.2_1,6.0,0
UGA.36.2_1,UGA.33.3_1,1.0,0
UGA.36.2_1,UGA.34.2_1,1.0,0
UGA.36.2_1,UGA.30.1_1,1.0,0
UGA.36.2_1,UGA.8.2_1,1.0,0
UGA.36.2_1,UGA.2.1_1,1.0,0
UGA.36.2_1,UGA.57.3_1,2.0,0
UGA.36.2_1,UGA.16.1_1,1.0,0
UGA.36.2_1,UGA.35.3_1,1.0,0
UGA.36.2_1,UGA.17.4_1,1.0,0
UGA.36.2_1,UGA.38.2_1,1.0,0
UGA.36.1_1,UGA.36.2_1,599.0,0
UGA.36.1_1,UGA.36.3_1,509.0,0
UGA.36.1_1,UGA.9.1_1,228.0,0
UGA.36.1_1,UGA.36.4_1,84.0,0
UGA.36.1_1,UGA.47.1_1,25.0,0
UGA.36.1_1,UGA.47.3_1,30.0,0
UGA.36.1_1,UGA.8.4_1,12.0,0
UGA.36.1_1,UGA.9.2_1,18.0,0
UGA.36.1_1,UGA.47.2_1,8.0,0
UGA.36.1_1,UGA.3.4_1,5.0,0
UGA.36.1_1,UGA.2.3_1,6.0,0
UGA.36.1_1,UGA.24.1_1,8.0,0
UGA.36.1_1,UGA.25.1_1,8.0,0
UGA.36.1_1,UGA.3.7_1,1.0,0
UGA.36.1_1,UGA.2.4_1,8.0,0
UGA.36.1_1,UGA.46.1_1,2.0,0
UGA.36.1_1,UGA.24.2_1,2.0,0
UGA.36.1_1,UGA.8.2_1,1.0,0
UGA.36.1_1,UGA.24.3_1,2.0,0
UGA.36.1_1,UGA.3.2_1,1.0,0
UGA.36.1_1,UGA.8.5_1,4.0,0
UGA.36.1_1,UGA.3.6_1,2.0,0
UGA.36.1_1,UGA.2.2_1,2.0,0
UGA.36.1_1,UGA.1.1_1,1.0,0
UGA.36.1_1,UGA.33.3_1,1.0,0
UGA.36.1_1,UGA.2.1_1,1.0,0
UGA.36.1_1,UGA.43.2_1,2.0,0
UGA.36.1_1,UGA.30.2_1,3.0,0
UGA.36.1_1,UGA.33.2_1,2.0,0
UGA.36.1_1,UGA.58.1_1,1.0,0
UGA.36.1_1,UGA.34.1_1,1.0,0
UGA.36.1_1,UGA.33.5_1,1.0,0
UGA.36.1_1,UGA.55.1_1,1.0,0
UGA.36.1_1,UGA.57.3_1,1.0,0
UGA.36.1_1,UGA.16.1_1,1.0,0
UGA.36.1_1,UGA.39.5_1,1.0,0
UGA.36.1_1,UGA.49.1_1,1.0,0
UGA.36.1_1,UGA.17.3_1,1.0,0
UGA.36.1_1,UGA.44.1_1,1.0,0
UGA.36.1_1,UGA.35.4_1,1.0,0
UGA.36.1_1,UGA.21.1_1,1.0,0
UGA.36.1_1,UGA.39.4_1,1.0,0
UGA.36.1_1,UGA.28.1_1,1.0,0
UGA.36.3_1,UGA.36.2_1,676.0,0
UGA.36.3_1,UGA.36.4_1,931.0,0
UGA.36.3_1,UGA.36.1_1,149.0,0
UGA.36.3_1,UGA.9.1_1,240.0,0
UGA.36.3_1,UGA.2.3_1,78.0,0
UGA.36.3_1,UGA.25.1_1,103.0,0
UGA.36.3_1,UGA.46.1_1,31.0,0
UGA.36.3_1,UGA.34.3_1,15.0,0
UGA.36.3_1,UGA.9.2_1,22.0,0
UGA.36.3_1,UGA.24.1_1,28.0,0
UGA.36.3_1,UGA.8.4_1,14.0,0
UGA.36.3_1,UGA.47.1_1,16.0,0
UGA.36.3_1,UGA.33.3_1,12.0,0
UGA.36.3_1,UGA.2.2_1,8.0,0
UGA.36.3_1,UGA.2.4_1,9.0,0
UGA.36.3_1,UGA.47.3_1,11.0,0
UGA.36.3_1,UGA.34.2_1,5.0,0
UGA.36.3_1,UGA.43.3_1,8.0,0
UGA.36.3_1,UGA.24.3_1,2.0,0
UGA.36.3_1,UGA.2.1_1,6.0,0
UGA.36.3_1,UGA.24.2_1,4.0,0
UGA.36.3_1,UGA.23.1_1,4.0,0
UGA.36.3_1,UGA.43.4_1,4.0,0
UGA.36.3_1,UGA.8.5_1,3.0,0
UGA.36.3_1,UGA.34.1_1,4.0,0
UGA.36.3_1,UGA.8.2_1,2.0,0
UGA.36.3_1,UGA.33.4_1,1.0,0
UGA.36.3_1,UGA.47.2_1,3.0,0
UGA.36.3_1,UGA.43.2_1,2.0,0
UGA.36.3_1,UGA.33.1_1,1.0,0
UGA.36.3_1,UGA.14.1_1,1.0,0
UGA.36.3_1,UGA.33.2_1,4.0,0
UGA.36.3_1,UGA.8.3_1,3.0,0
UGA.36.3_1,UGA.43.1_1,2.0,0
UGA.36.3_1,UGA.17.1_1,5.0,0
UGA.36.3_1,UGA.8.1_1,1.0,0
UGA.36.3_1,UGA.57.3_1,11.0,0
UGA.36.3_1,UGA.30.1_1,3.0,0
UGA.36.3_1,UGA.57.1_1,2.0,0
UGA.36.3_1,UGA.30.2_1,1.0,0
UGA.36.3_1,UGA.14.2_1,1.0,0
UGA.36.3_1,UGA.16.1_1,4.0,0
UGA.36.3_1,UGA.33.5_1,1.0,0
UGA.36.3_1,UGA.17.4_1,2.0,0
UGA.36.3_1,UGA.42.3_1,1.0,0
UGA.36.3_1,UGA.53.1_1,1.0,0
UGA.36.3_1,UGA.10.4_1,1.0,0
UGA.36.3_1,UGA.55.4_1,1.0,0
UGA.36.3_1,UGA.35.1_1,1.0,0
UGA.36.3_1,UGA.44.1_1,1.0,0
UGA.36.3_1,UGA.11.2_1,1.0,0
UGA.36.3_1,UGA.58.1_1,1.0,0
UGA.36.3_1,UGA.29.3_1,1.0,0
UGA.36.3_1,UGA.51.1_1,1.0,0
UGA.36.3_1,UGA.29.2_1,1.0,0
UGA.36.3_1,UGA.39.7_1,1.0,0
UGA.36.3_1,UGA.50.1_1,1.0,0
UGA.36.3_1,UGA.4.1_1,1.0,0
UGA.36.3_1,UGA.56.4_1,1.0,0
UGA.36.4_1,UGA.36.3_1,1573.0,0
UGA.36.4_1,UGA.2.3_1,669.0,0
UGA.36.4_1,UGA.8.4_1,376.0,0
UGA.36.4_1,UGA.36.1_1,150.0,0
UGA.36.4_1,UGA.36.2_1,74.0,0
UGA.36.4_1,UGA.2.4_1,298.0,0
UGA.36.4_1,UGA.47.1_1,64.0,0
UGA.36.4_1,UGA.2.2_1,80.0,0
UGA.36.4_1,UGA.8.2_1,46.0,0
UGA.36.4_1,UGA.8.5_1,58.0,0
UGA.36.4_1,UGA.46.1_1,32.0,0
UGA.36.4_1,UGA.2.1_1,60.0,0
UGA.36.4_1,UGA.9.1_1,56.0,0
UGA.36.4_1,UGA.33.3_1,19.0,0
UGA.36.4_1,UGA.47.3_1,20.0,0
UGA.36.4_1,UGA.33.4_1,6.0,0
UGA.36.4_1,UGA.8.3_1,15.0,0
UGA.36.4_1,UGA.34.3_1,17.0,0
UGA.36.4_1,UGA.33.2_1,12.0,0
UGA.36.4_1,UGA.8.1_1,7.0,0
UGA.36.4_1,UGA.25.1_1,17.0,0
UGA.36.4_1,UGA.3.4_1,7.0,0
UGA.36.4_1,UGA.33.1_1,8.0,0
UGA.36.4_1,UGA.47.2_1,12.0,0
UGA.36.4_1,UGA.9.2_1,21.0,0
UGA.36.4_1,UGA.1.1_1,5.0,0
UGA.36.4_1,UGA.14.1_1,5.0,0
UGA.36.4_1,UGA.24.1_1,6.0,0
UGA.36.4_1,UGA.49.2_1,6.0,0
UGA.36.4_1,UGA.23.1_1,4.0,0
UGA.36.4_1,UGA.3.7_1,3.0,0
UGA.36.4_1,UGA.33.5_1,5.0,0
UGA.36.4_1,UGA.34.2_1,4.0,0
UGA.36.4_1,UGA.14.2_1,2.0,0
UGA.36.4_1,UGA.34.1_1,3.0,0
UGA.36.4_1,UGA.3.6_1,5.0,0
UGA.36.4_1,UGA.55.1_1,1.0,0
UGA.36.4_1,UGA.17.1_1,6.0,0
UGA.36.4_1,UGA.33.6_1,3.0,0
UGA.36.4_1,UGA.3.2_1,7.0,0
UGA.36.4_1,UGA.43.3_1,3.0,0
UGA.36.4_1,UGA.17.2_1,6.0,0
UGA.36.4_1,UGA.24.3_1,2.0,0
UGA.36.4_1,UGA.24.2_1,5.0,0
UGA.36.4_1,UGA.3.5_1,6.0,0
UGA.36.4_1,UGA.41.2_1,1.0,0
UGA.36.4_1,UGA.49.1_1,5.0,0
UGA.36.4_1,UGA.58.1_1,2.0,0
UGA.36.4_1,UGA.55.4_1,1.0,0
UGA.36.4_1,UGA.43.2_1,5.0,0
UGA.36.4_1,UGA.55.2_1,2.0,0
UGA.36.4_1,UGA.57.3_1,7.0,0
UGA.36.4_1,UGA.17.4_1,1.0,0
UGA.36.4_1,UGA.43.1_1,1.0,0
UGA.36.4_1,UGA.22.2_1,1.0,0
UGA.36.4_1,UGA.17.3_1,1.0,0
UGA.36.4_1,UGA.57.1_1,3.0,0
UGA.36.4_1,UGA.16.1_1,8.0,0
UGA.36.4_1,UGA.10.4_1,2.0,0
UGA.36.4_1,UGA.50.4_1,1.0,0
UGA.36.4_1,UGA.27.1_1,1.0,0
UGA.36.4_1,UGA.30.2_1,2.0,0
UGA.36.4_1,UGA.44.3_1,1.0,0
UGA.36.4_1,UGA.11.1_1,1.0,0
UGA.36.4_1,UGA.44.1_1,3.0,0
UGA.36.4_1,UGA.57.2_1,1.0,0
UGA.36.4_1,UGA.29.2_1,1.0,0
UGA.36.4_1,UGA.35.3_1,1.0,0
UGA.36.4_1,UGA.13.2_1,1.0,0
UGA.36.4_1,UGA.28.2_1,1.0,0
UGA.36.4_1,UGA.29.1_1,2.0,0
UGA.36.4_1,UGA.40.1_1,1.0,0
UGA.36.4_1,UGA.35.4_1,1.0,0
UGA.36.4_1,UGA.51.1_1,1.0,0
UGA.36.4_1,UGA.56.2_1,2.0,0
UGA.36.4_1,UGA.38.2_1,1.0,0
UGA.36.4_1,UGA.51.4_1,1.0,0
UGA.36.4_1,UGA.39.6_1,1.0,0
UGA.36.4_1,UGA.39.1_1,1.0,0
UGA.36.4_1,UGA.6.5_1,1.0,0
UGA.36.4_1,UGA.12.2_1,1.0,0
UGA.36.4_1,UGA.26.1_1,1.0,0
UGA.37.1_1,UGA.10.1_1,1660.0,0
UGA.37.1_1,UGA.11.1_1,1013.0,0
UGA.37.1_1,UGA.4.1_1,1466.0,0
UGA.37.1_1,UGA.11.2_1,97.0,0
UGA.37.1_1,UGA.44.2_1,106.0,0
UGA.37.1_1,UGA.10.3_1,320.0,0
UGA.37.1_1,UGA.11.3_1,124.0,0
UGA.37.1_1,UGA.10.4_1,129.0,0
UGA.37.1_1,UGA.44.1_1,201.0,0
UGA.37.1_1,UGA.7.1_1,113.0,0
UGA.37.1_1,UGA.10.2_1,81.0,0
UGA.37.1_1,UGA.17.4_1,41.0,0
UGA.37.1_1,UGA.23.2_1,43.0,0
UGA.37.1_1,UGA.56.2_1,65.0,0
UGA.37.1_1,UGA.56.1_1,53.0,0
UGA.37.1_1,UGA.44.4_1,31.0,0
UGA.37.1_1,UGA.17.3_1,26.0,0
UGA.37.1_1,UGA.50.3_1,25.0,0
UGA.37.1_1,UGA.44.3_1,51.0,0
UGA.37.1_1,UGA.56.3_1,2.0,0
UGA.37.1_1,UGA.17.2_1,32.0,0
UGA.37.1_1,UGA.56.4_1,17.0,0
UGA.37.1_1,UGA.50.1_1,16.0,0
UGA.37.1_1,UGA.50.4_1,11.0,0
UGA.37.1_1,UGA.16.1_1,92.0,0
UGA.37.1_1,UGA.50.2_1,13.0,0
UGA.37.1_1,UGA.57.3_1,55.0,0
UGA.37.1_1,UGA.38.2_1,19.0,0
UGA.37.1_1,UGA.34.1_1,7.0,0
UGA.37.1_1,UGA.17.1_1,13.0,0
UGA.37.1_1,UGA.32.1_1,7.0,0
UGA.37.1_1,UGA.23.1_1,3.0,0
UGA.37.1_1,UGA.38.1_1,6.0,0
UGA.37.1_1,UGA.57.1_1,25.0,0
UGA.37.1_1,UGA.34.2_1,7.0,0
UGA.37.1_1,UGA.38.3_1,2.0,0
UGA.37.1_1,UGA.55.2_1,1.0,0
UGA.37.1_1,UGA.54.1_1,4.0,0
UGA.37.1_1,UGA.55.1_1,5.0,0
UGA.37.1_1,UGA.29.3_1,3.0,0
UGA.37.1_1,UGA.29.1_1,5.0,0
UGA.37.1_1,UGA.29.2_1,4.0,0
UGA.37.1_1,UGA.54.2_1,1.0,0
UGA.37.1_1,UGA.55.3_1,1.0,0
UGA.37.1_1,UGA.42.3_1,3.0,0
UGA.37.1_1,UGA.55.4_1,4.0,0
UGA.37.1_1,UGA.43.4_1,5.0,0
UGA.37.1_1,UGA.42.1_1,1.0,0
UGA.37.1_1,UGA.46.1_1,1.0,0
UGA.37.1_1,UGA.33.3_1,1.0,0
UGA.37.1_1,UGA.14.2_1,1.0,0
UGA.37.1_1,UGA.20.1_1,3.0,0
UGA.37.1_1,UGA.34.3_1,4.0,0
UGA.37.1_1,UGA.20.2_1,1.0,0
UGA.37.1_1,UGA.33.1_1,2.0,0
UGA.37.1_1,UGA.22.3_1,1.0,0
UGA.37.1_1,UGA.22.1_1,3.0,0
UGA.37.1_1,UGA.2.2_1,1.0,0
UGA.37.1_1,UGA.43.3_1,4.0,0
UGA.37.1_1,UGA.45.1_1,1.0,0
UGA.37.1_1,UGA.35.3_1,3.0,0
UGA.37.1_1,UGA.42.2_1,3.0,0
UGA.37.1_1,UGA.2.3_1,4.0,0
UGA.37.1_1,UGA.25.1_1,4.0,0
UGA.37.1_1,UGA.35.4_1,4.0,0
UGA.37.1_1,UGA.35.1_1,2.0,0
UGA.37.1_1,UGA.45.3_1,2.0,0
UGA.37.1_1,UGA.33.2_1,1.0,0
UGA.37.1_1,UGA.35.2_1,4.0,0
UGA.37.1_1,UGA.45.2_1,1.0,0
UGA.37.1_1,UGA.2.1_1,2.0,0
UGA.37.1_1,UGA.33.6_1,2.0,0
UGA.37.1_1,UGA.53.2_1,4.0,0
UGA.37.1_1,UGA.43.2_1,5.0,0
UGA.37.1_1,UGA.36.3_1,1.0,0
UGA.37.1_1,UGA.51.4_1,1.0,0
UGA.37.1_1,UGA.36.4_1,2.0,0
UGA.37.1_1,UGA.53.1_1,1.0,0
UGA.37.1_1,UGA.51.2_1,1.0,0
UGA.37.1_1,UGA.51.3_1,3.0,0
UGA.37.1_1,UGA.24.3_1,1.0,0
UGA.37.1_1,UGA.30.1_1,1.0,0
UGA.37.1_1,UGA.8.5_1,1.0,0
UGA.37.1_1,UGA.40.2_1,2.0,0
UGA.37.1_1,UGA.9.2_1,1.0,0
UGA.37.1_1,UGA.49.2_1,1.0,0
UGA.37.1_1,UGA.8.2_1,1.0,0
UGA.37.1_1,UGA.24.2_1,1.0,0
UGA.37.1_1,UGA.39.1_1,2.0,0
UGA.37.1_1,UGA.30.2_1,2.0,0
UGA.37.1_1,UGA.18.1_1,1.0,0
UGA.37.1_1,UGA.39.3_1,2.0,0
UGA.37.1_1,UGA.27.1_1,1.0,0
UGA.37.1_1,UGA.27.2_1,1.0,0
UGA.37.1_1,UGA.13.1_1,1.0,0
UGA.37.1_1,UGA.1.1_1,2.0,0
UGA.37.1_1,UGA.3.4_1,1.0,0
UGA.37.1_1,UGA.47.2_1,2.0,0
UGA.37.1_1,UGA.21.2_1,2.0,0
UGA.37.1_1,UGA.5.1_1,2.0,0
UGA.37.1_1,UGA.6.3_1,1.0,0
UGA.37.1_1,UGA.6.2_1,2.0,0
UGA.37.1_1,UGA.3.7_1,1.0,0
UGA.37.1_1,UGA.12.2_1,1.0,0
UGA.37.1_1,UGA.12.3_1,1.0,0
UGA.37.1_1,UGA.19.1_1,1.0,0
UGA.37.1_1,UGA.26.1_1,1.0,0
UGA.38.1_1,UGA.38.3_1,1779.0,0
UGA.38.1_1,UGA.38.2_1,1207.0,0
UGA.38.1_1,UGA.56.4_1,284.0,0
UGA.38.1_1,UGA.38.4_1,97.0,0
UGA.38.1_1,UGA.56.3_1,41.0,0
UGA.38.1_1,UGA.54.1_1,172.0,0
UGA.38.1_1,UGA.54.3_1,33.0,0
UGA.38.1_1,UGA.56.2_1,154.0,0
UGA.38.1_1,UGA.50.1_1,94.0,0
UGA.38.1_1,UGA.56.1_1,91.0,0
UGA.38.1_1,UGA.20.3_1,34.0,0
UGA.38.1_1,UGA.50.2_1,48.0,0
UGA.38.1_1,UGA.20.1_1,28.0,0
UGA.38.1_1,UGA.29.1_1,46.0,0
UGA.38.1_1,UGA.54.2_1,30.0,0
UGA.38.1_1,UGA.50.3_1,45.0,0
UGA.38.1_1,UGA.7.1_1,46.0,0
UGA.38.1_1,UGA.20.2_1,13.0,0
UGA.38.1_1,UGA.10.2_1,20.0,0
UGA.38.1_1,UGA.29.2_1,25.0,0
UGA.38.1_1,UGA.4.1_1,60.0,0
UGA.38.1_1,UGA.50.4_1,18.0,0
UGA.38.1_1,UGA.10.1_1,9.0,0
UGA.38.1_1,UGA.29.3_1,11.0,0
UGA.38.1_1,UGA.17.3_1,17.0,0
UGA.38.1_1,UGA.10.3_1,20.0,0
UGA.38.1_1,UGA.45.1_1,5.0,0
UGA.38.1_1,UGA.37.1_1,22.0,0
UGA.38.1_1,UGA.10.4_1,8.0,0
UGA.38.1_1,UGA.55.2_1,9.0,0
UGA.38.1_1,UGA.45.3_1,4.0,0
UGA.38.1_1,UGA.22.3_1,2.0,0
UGA.38.1_1,UGA.55.3_1,2.0,0
UGA.38.1_1,UGA.11.1_1,3.0,0
UGA.38.1_1,UGA.55.4_1,4.0,0
UGA.38.1_1,UGA.11.3_1,4.0,0
UGA.38.1_1,UGA.11.2_1,1.0,0
UGA.38.1_1,UGA.17.4_1,4.0,0
UGA.38.1_1,UGA.55.1_1,3.0,0
UGA.38.1_1,UGA.17.2_1,7.0,0
UGA.38.1_1,UGA.45.2_1,2.0,0
UGA.38.1_1,UGA.17.1_1,7.0,0
UGA.38.1_1,UGA.22.1_1,6.0,0
UGA.38.1_1,UGA.23.2_1,3.0,0
UGA.38.1_1,UGA.14.2_1,2.0,0
UGA.38.1_1,UGA.44.1_1,4.0,0
UGA.38.1_1,UGA.22.2_1,3.0,0
UGA.38.1_1,UGA.14.1_1,2.0,0
UGA.38.1_1,UGA.23.1_1,3.0,0
UGA.38.1_1,UGA.44.4_1,2.0,0
UGA.38.1_1,UGA.33.1_1,3.0,0
UGA.38.1_1,UGA.34.1_1,4.0,0
UGA.38.1_1,UGA.44.3_1,4.0,0
UGA.38.1_1,UGA.33.5_1,2.0,0
UGA.38.1_1,UGA.33.3_1,3.0,0
UGA.38.1_1,UGA.57.3_1,14.0,0
UGA.38.1_1,UGA.16.1_1,6.0,0
UGA.38.1_1,UGA.34.2_1,3.0,0
UGA.38.1_1,UGA.33.6_1,2.0,0
UGA.38.1_1,UGA.33.2_1,1.0,0
UGA.38.1_1,UGA.33.4_1,1.0,0
UGA.38.1_1,UGA.57.1_1,4.0,0
UGA.38.1_1,UGA.2.1_1,1.0,0
UGA.38.1_1,UGA.2.3_1,2.0,0
UGA.38.1_1,UGA.28.2_1,2.0,0
UGA.38.1_1,UGA.49.1_1,1.0,0
UGA.38.1_1,UGA.43.4_1,1.0,0
UGA.38.1_1,UGA.42.3_1,1.0,0
UGA.38.1_1,UGA.2.4_1,2.0,0
UGA.38.1_1,UGA.43.1_1,1.0,0
UGA.38.1_1,UGA.49.2_1,1.0,0
UGA.38.1_1,UGA.25.1_1,4.0,0
UGA.38.1_1,UGA.43.3_1,1.0,0
UGA.38.1_1,UGA.36.4_1,3.0,0
UGA.38.1_1,UGA.36.3_1,4.0,0
UGA.38.1_1,UGA.42.2_1,2.0,0
UGA.38.1_1,UGA.27.1_1,1.0,0
UGA.38.1_1,UGA.8.1_1,3.0,0
UGA.38.1_1,UGA.35.4_1,3.0,0
UGA.38.1_1,UGA.43.2_1,2.0,0
UGA.38.1_1,UGA.8.4_1,2.0,0
UGA.38.1_1,UGA.35.2_1,3.0,0
UGA.38.1_1,UGA.24.1_1,2.0,0
UGA.38.1_1,UGA.36.1_1,1.0,0
UGA.38.1_1,UGA.53.2_1,2.0,0
UGA.38.1_1,UGA.9.1_1,1.0,0
UGA.38.1_1,UGA.51.3_1,2.0,0
UGA.38.1_1,UGA.24.2_1,1.0,0
UGA.38.1_1,UGA.39.7_1,1.0,0
UGA.38.1_1,UGA.30.2_1,2.0,0
UGA.38.1_1,UGA.39.1_1,2.0,0
UGA.38.1_1,UGA.39.2_1,1.0,0
UGA.38.1_1,UGA.39.4_1,2.0,0
UGA.38.1_1,UGA.39.3_1,1.0,0
UGA.38.1_1,UGA.3.2_1,2.0,0
UGA.38.1_1,UGA.6.3_1,1.0,0
UGA.38.1_1,UGA.21.1_1,1.0,0
UGA.38.1_1,UGA.6.4_1,2.0,0
UGA.38.1_1,UGA.48.3_1,1.0,0
UGA.38.1_1,UGA.19.1_1,1.0,0
UGA.38.2_1,UGA.38.4_1,992.0,0
UGA.38.2_1,UGA.38.1_1,1872.0,0
UGA.38.2_1,UGA.54.1_1,499.0,0
UGA.38.2_1,UGA.38.3_1,315.0,0
UGA.38.2_1,UGA.50.1_1,223.0,0
UGA.38.2_1,UGA.56.4_1,160.0,0
UGA.38.2_1,UGA.56.1_1,181.0,0
UGA.38.2_1,UGA.54.3_1,19.0,0
UGA.38.2_1,UGA.50.2_1,65.0,0
UGA.38.2_1,UGA.56.3_1,16.0,0
UGA.38.2_1,UGA.56.2_1,120.0,0
UGA.38.2_1,UGA.29.1_1,71.0,0
UGA.38.2_1,UGA.50.3_1,75.0,0
UGA.38.2_1,UGA.20.3_1,21.0,0
UGA.38.2_1,UGA.54.2_1,41.0,0
UGA.38.2_1,UGA.29.2_1,45.0,0
UGA.38.2_1,UGA.10.2_1,50.0,0
UGA.38.2_1,UGA.20.1_1,11.0,0
UGA.38.2_1,UGA.20.2_1,16.0,0
UGA.38.2_1,UGA.50.4_1,35.0,0
UGA.38.2_1,UGA.7.1_1,36.0,0
UGA.38.2_1,UGA.29.3_1,22.0,0
UGA.38.2_1,UGA.10.1_1,11.0,0
UGA.38.2_1,UGA.17.3_1,23.0,0
UGA.38.2_1,UGA.4.1_1,34.0,0
UGA.38.2_1,UGA.10.3_1,24.0,0
UGA.38.2_1,UGA.55.2_1,14.0,0
UGA.38.2_1,UGA.45.1_1,7.0,0
UGA.38.2_1,UGA.10.4_1,21.0,0
UGA.38.2_1,UGA.22.3_1,7.0,0
UGA.38.2_1,UGA.55.3_1,3.0,0
UGA.38.2_1,UGA.37.1_1,24.0,0
UGA.38.2_1,UGA.55.4_1,17.0,0
UGA.38.2_1,UGA.11.1_1,5.0,0
UGA.38.2_1,UGA.45.3_1,5.0,0
UGA.38.2_1,UGA.55.1_1,3.0,0
UGA.38.2_1,UGA.17.1_1,11.0,0
UGA.38.2_1,UGA.17.4_1,3.0,0
UGA.38.2_1,UGA.17.2_1,14.0,0
UGA.38.2_1,UGA.11.3_1,3.0,0
UGA.38.2_1,UGA.22.1_1,4.0,0
UGA.38.2_1,UGA.11.2_1,1.0,0
UGA.38.2_1,UGA.45.2_1,3.0,0
UGA.38.2_1,UGA.14.2_1,4.0,0
UGA.38.2_1,UGA.44.2_1,4.0,0
UGA.38.2_1,UGA.23.2_1,7.0,0
UGA.38.2_1,UGA.14.1_1,2.0,0
UGA.38.2_1,UGA.22.2_1,2.0,0
UGA.38.2_1,UGA.23.1_1,2.0,0
UGA.38.2_1,UGA.44.1_1,13.0,0
UGA.38.2_1,UGA.40.1_1,4.0,0
UGA.38.2_1,UGA.44.4_1,10.0,0
UGA.38.2_1,UGA.33.1_1,6.0,0
UGA.38.2_1,UGA.34.1_1,3.0,0
UGA.38.2_1,UGA.33.5_1,4.0,0
UGA.38.2_1,UGA.33.3_1,1.0,0
UGA.38.2_1,UGA.44.3_1,3.0,0
UGA.38.2_1,UGA.33.6_1,2.0,0
UGA.38.2_1,UGA.40.2_1,3.0,0
UGA.38.2_1,UGA.2.2_1,1.0,0
UGA.38.2_1,UGA.57.3_1,13.0,0
UGA.38.2_1,UGA.34.2_1,3.0,0
UGA.38.2_1,UGA.16.1_1,13.0,0
UGA.38.2_1,UGA.33.2_1,3.0,0
UGA.38.2_1,UGA.28.3_1,3.0,0
UGA.38.2_1,UGA.46.1_1,4.0,0
UGA.38.2_1,UGA.32.1_1,1.0,0
UGA.38.2_1,UGA.2.1_1,1.0,0
UGA.38.2_1,UGA.57.1_1,8.0,0
UGA.38.2_1,UGA.2.3_1,3.0,0
UGA.38.2_1,UGA.34.3_1,2.0,0
UGA.38.2_1,UGA.49.1_1,2.0,0
UGA.38.2_1,UGA.2.4_1,2.0,0
UGA.38.2_1,UGA.43.4_1,3.0,0
UGA.38.2_1,UGA.43.1_1,1.0,0
UGA.38.2_1,UGA.25.1_1,1.0,0
UGA.38.2_1,UGA.36.3_1,1.0,0
UGA.38.2_1,UGA.8.2_1,3.0,0
UGA.38.2_1,UGA.35.4_1,1.0,0
UGA.38.2_1,UGA.43.2_1,4.0,0
UGA.38.2_1,UGA.27.2_1,2.0,0
UGA.38.2_1,UGA.35.2_1,2.0,0
UGA.38.2_1,UGA.9.1_1,2.0,0
UGA.38.2_1,UGA.8.3_1,1.0,0
UGA.38.2_1,UGA.24.3_1,1.0,0
UGA.38.2_1,UGA.47.1_1,2.0,0
UGA.38.2_1,UGA.30.1_1,1.0,0
UGA.38.2_1,UGA.1.1_1,1.0,0
UGA.38.2_1,UGA.24.2_1,3.0,0
UGA.38.2_1,UGA.30.2_1,2.0,0
UGA.38.2_1,UGA.39.7_1,2.0,0
UGA.38.2_1,UGA.47.2_1,3.0,0
UGA.38.2_1,UGA.58.1_1,2.0,0
UGA.38.2_1,UGA.5.2_1,1.0,0
UGA.38.2_1,UGA.3.2_1,1.0,0
UGA.38.2_1,UGA.3.5_1,1.0,0
UGA.38.2_1,UGA.3.3_1,3.0,0
UGA.38.2_1,UGA.6.1_1,1.0,0
UGA.38.2_1,UGA.21.2_1,2.0,0
UGA.38.2_1,UGA.6.2_1,1.0,0
UGA.38.2_1,UGA.52.2_1,1.0,0
UGA.38.2_1,UGA.12.2_1,1.0,0
UGA.38.2_1,UGA.19.1_1,1.0,0
UGA.38.3_1,UGA.54.3_1,447.0,0
UGA.38.3_1,UGA.54.1_1,1084.0,0
UGA.38.3_1,UGA.38.1_1,560.0,0
UGA.38.3_1,UGA.38.2_1,254.0,0
UGA.38.3_1,UGA.38.4_1,40.0,0
UGA.38.3_1,UGA.20.3_1,31.0,0
UGA.38.3_1,UGA.20.1_1,27.0,0
UGA.38.3_1,UGA.56.4_1,38.0,0
UGA.38.3_1,UGA.54.2_1,29.0,0
UGA.38.3_1,UGA.50.1_1,38.0,0
UGA.38.3_1,UGA.29.1_1,34.0,0
UGA.38.3_1,UGA.56.3_1,6.0,0
UGA.38.3_1,UGA.20.2_1,9.0,0
UGA.38.3_1,UGA.50.2_1,16.0,0
UGA.38.3_1,UGA.56.1_1,18.0,0
UGA.38.3_1,UGA.56.2_1,24.0,0
UGA.38.3_1,UGA.50.3_1,12.0,0
UGA.38.3_1,UGA.29.2_1,12.0,0
UGA.38.3_1,UGA.10.2_1,7.0,0
UGA.38.3_1,UGA.7.1_1,20.0,0
UGA.38.3_1,UGA.45.1_1,3.0,0
UGA.38.3_1,UGA.50.4_1,11.0,0
UGA.38.3_1,UGA.29.3_1,3.0,0
UGA.38.3_1,UGA.4.1_1,18.0,0
UGA.38.3_1,UGA.10.1_1,3.0,0
UGA.38.3_1,UGA.45.3_1,1.0,0
UGA.38.3_1,UGA.17.3_1,5.0,0
UGA.38.3_1,UGA.22.3_1,5.0,0
UGA.38.3_1,UGA.55.2_1,1.0,0
UGA.38.3_1,UGA.10.3_1,5.0,0
UGA.38.3_1,UGA.55.3_1,1.0,0
UGA.38.3_1,UGA.10.4_1,2.0,0
UGA.38.3_1,UGA.55.4_1,3.0,0
UGA.38.3_1,UGA.45.2_1,1.0,0
UGA.38.3_1,UGA.37.1_1,8.0,0
UGA.38.3_1,UGA.11.1_1,2.0,0
UGA.38.3_1,UGA.22.1_1,2.0,0
UGA.38.3_1,UGA.17.1_1,4.0,0
UGA.38.3_1,UGA.17.4_1,2.0,0
UGA.38.3_1,UGA.11.3_1,4.0,0
UGA.38.3_1,UGA.14.1_1,1.0,0
UGA.38.3_1,UGA.23.2_1,2.0,0
UGA.38.3_1,UGA.44.1_1,5.0,0
UGA.38.3_1,UGA.33.1_1,2.0,0
UGA.38.3_1,UGA.44.4_1,3.0,0
UGA.38.3_1,UGA.40.2_1,1.0,0
UGA.38.3_1,UGA.33.5_1,1.0,0
UGA.38.3_1,UGA.34.1_1,2.0,0
UGA.38.3_1,UGA.33.6_1,2.0,0
UGA.38.3_1,UGA.44.3_1,1.0,0
UGA.38.3_1,UGA.28.3_1,1.0,0
UGA.38.3_1,UGA.2.2_1,3.0,0
UGA.38.3_1,UGA.33.2_1,2.0,0
UGA.38.3_1,UGA.57.3_1,4.0,0
UGA.38.3_1,UGA.16.1_1,5.0,0
UGA.38.3_1,UGA.46.1_1,1.0,0
UGA.38.3_1,UGA.57.1_1,2.0,0
UGA.38.3_1,UGA.43.4_1,1.0,0
UGA.38.3_1,UGA.27.1_1,1.0,0
UGA.38.3_1,UGA.36.4_1,1.0,0
UGA.38.3_1,UGA.35.1_1,1.0,0
UGA.38.3_1,UGA.43.2_1,1.0,0
UGA.38.3_1,UGA.9.2_1,1.0,0
UGA.38.3_1,UGA.30.2_1,3.0,0
UGA.38.3_1,UGA.18.1_1,1.0,0
UGA.38.3_1,UGA.21.2_1,1.0,0
UGA.38.4_1,UGA.38.2_1,961.0,0
UGA.38.4_1,UGA.54.1_1,68.0,0
UGA.38.4_1,UGA.50.1_1,39.0,0
UGA.38.4_1,UGA.38.3_1,17.0,0
UGA.38.4_1,UGA.38.1_1,21.0,0
UGA.38.4_1,UGA.50.2_1,8.0,0
UGA.38.4_1,UGA.29.1_1,5.0,0
UGA.38.4_1,UGA.54.3_1,2.0,0
UGA.38.4_1,UGA.56.1_1,4.0,0
UGA.38.4_1,UGA.56.4_1,6.0,0
UGA.38.4_1,UGA.20.3_1,2.0,0
UGA.38.4_1,UGA.54.2_1,2.0,0
UGA.38.4_1,UGA.50.3_1,5.0,0
UGA.38.4_1,UGA.56.2_1,5.0,0
UGA.38.4_1,UGA.29.2_1,2.0,0
UGA.38.4_1,UGA.10.2_1,3.0,0
UGA.38.4_1,UGA.50.4_1,1.0,0
UGA.38.4_1,UGA.29.3_1,1.0,0
UGA.38.4_1,UGA.7.1_1,1.0,0
UGA.38.4_1,UGA.17.3_1,2.0,0
UGA.38.4_1,UGA.10.1_1,5.0,0
UGA.38.4_1,UGA.4.1_1,1.0,0
UGA.38.4_1,UGA.22.3_1,1.0,0
UGA.38.4_1,UGA.37.1_1,2.0,0
UGA.38.4_1,UGA.45.3_1,1.0,0
UGA.38.4_1,UGA.55.1_1,1.0,0
UGA.38.4_1,UGA.11.3_1,1.0,0
UGA.38.4_1,UGA.14.1_1,1.0,0
UGA.38.4_1,UGA.44.1_1,2.0,0
UGA.38.4_1,UGA.33.1_1,2.0,0
UGA.38.4_1,UGA.33.2_1,1.0,0
UGA.38.4_1,UGA.57.3_1,1.0,0
UGA.38.4_1,UGA.16.1_1,1.0,0
UGA.38.4_1,UGA.42.3_1,1.0,0
UGA.38.4_1,UGA.28.1_1,1.0,0
UGA.38.4_1,UGA.39.3_1,1.0,0
UGA.39.1_1,UGA.39.3_1,1697.0,0
UGA.39.1_1,UGA.51.3_1,453.0,0
UGA.39.1_1,UGA.39.6_1,106.0,0
UGA.39.1_1,UGA.39.8_1,152.0,0
UGA.39.1_1,UGA.51.2_1,95.0,0
UGA.39.1_1,UGA.39.7_1,101.0,0
UGA.39.1_1,UGA.39.4_1,76.0,0
UGA.39.1_1,UGA.48.2_1,78.0,0
UGA.39.1_1,UGA.51.4_1,44.0,0
UGA.39.1_1,UGA.51.1_1,14.0,0
UGA.39.1_1,UGA.6.5_1,44.0,0
UGA.39.1_1,UGA.35.2_1,61.0,0
UGA.39.1_1,UGA.6.1_1,20.0,0
UGA.39.1_1,UGA.48.3_1,15.0,0
UGA.39.1_1,UGA.48.1_1,7.0,0
UGA.39.1_1,UGA.53.2_1,18.0,0
UGA.39.1_1,UGA.35.4_1,6.0,0
UGA.39.1_1,UGA.39.5_1,14.0,0
UGA.39.1_1,UGA.39.2_1,13.0,0
UGA.39.1_1,UGA.12.4_1,4.0,0
UGA.39.1_1,UGA.6.3_1,16.0,0
UGA.39.1_1,UGA.53.1_1,3.0,0
UGA.39.1_1,UGA.35.1_1,7.0,0
UGA.39.1_1,UGA.6.4_1,8.0,0
UGA.39.1_1,UGA.52.2_1,5.0,0
UGA.39.1_1,UGA.12.2_1,4.0,0
UGA.39.1_1,UGA.12.1_1,2.0,0
UGA.39.1_1,UGA.18.2_1,6.0,0
UGA.39.1_1,UGA.35.3_1,6.0,0
UGA.39.1_1,UGA.6.2_1,6.0,0
UGA.39.1_1,UGA.12.3_1,6.0,0
UGA.39.1_1,UGA.52.1_1,1.0,0
UGA.39.1_1,UGA.18.1_1,12.0,0
UGA.39.1_1,UGA.19.1_1,5.0,0
UGA.39.1_1,UGA.42.2_1,1.0,0
UGA.39.1_1,UGA.30.1_1,11.0,0
UGA.39.1_1,UGA.26.1_1,4.0,0
UGA.39.1_1,UGA.21.2_1,5.0,0
UGA.39.1_1,UGA.43.2_1,10.0,0
UGA.39.1_1,UGA.42.1_1,2.0,0
UGA.39.1_1,UGA.21.1_1,3.0,0
UGA.39.1_1,UGA.42.3_1,2.0,0
UGA.39.1_1,UGA.30.2_1,4.0,0
UGA.39.1_1,UGA.43.1_1,1.0,0
UGA.39.1_1,UGA.13.1_1,3.0,0
UGA.39.1_1,UGA.13.2_1,3.0,0
UGA.39.1_1,UGA.24.3_1,1.0,0
UGA.39.1_1,UGA.43.4_1,3.0,0
UGA.39.1_1,UGA.57.1_1,8.0,0
UGA.39.1_1,UGA.24.1_1,3.0,0
UGA.39.1_1,UGA.24.2_1,3.0,0
UGA.39.1_1,UGA.16.1_1,7.0,0
UGA.39.1_1,UGA.25.1_1,2.0,0
UGA.39.1_1,UGA.44.3_1,1.0,0
UGA.39.1_1,UGA.34.2_1,1.0,0
UGA.39.1_1,UGA.34.3_1,1.0,0
UGA.39.1_1,UGA.44.4_1,4.0,0
UGA.39.1_1,UGA.9.1_1,1.0,0
UGA.39.1_1,UGA.23.2_1,1.0,0
UGA.39.1_1,UGA.36.2_1,1.0,0
UGA.39.1_1,UGA.46.1_1,2.0,0
UGA.39.1_1,UGA.36.3_1,3.0,0
UGA.39.1_1,UGA.17.2_1,2.0,0
UGA.39.1_1,UGA.10.4_1,1.0,0
UGA.39.1_1,UGA.17.1_1,1.0,0
UGA.39.1_1,UGA.4.1_1,1.0,0
UGA.39.1_1,UGA.2.3_1,1.0,0
UGA.39.1_1,UGA.7.1_1,1.0,0
UGA.39.1_1,UGA.2.2_1,1.0,0
UGA.39.1_1,UGA.50.4_1,1.0,0
UGA.39.1_1,UGA.50.3_1,1.0,0
UGA.39.1_1,UGA.50.1_1,1.0,0
UGA.39.1_1,UGA.56.4_1,1.0,0
UGA.39.1_1,UGA.55.4_1,2.0,0
UGA.39.1_1,UGA.38.2_1,1.0,0
UGA.39.1_1,UGA.3.7_1,1.0,0
UGA.39.1_1,UGA.38.1_1,1.0,0
UGA.39.1_1,UGA.33.5_1,1.0,0
UGA.39.1_1,UGA.3.2_1,1.0,0
UGA.39.1_1,UGA.20.1_1,1.0,0
UGA.39.1_1,UGA.58.1_1,1.0,0
UGA.39.1_1,UGA.49.1_1,1.0,0
UGA.39.1_1,UGA.27.2_1,1.0,0
UGA.39.1_1,UGA.28.1_1,1.0,0
UGA.39.2_1,UGA.18.2_1,1155.0,0
UGA.39.2_1,UGA.6.1_1,405.0,0
UGA.39.2_1,UGA.39.5_1,370.0,0
UGA.39.2_1,UGA.18.1_1,341.0,0
UGA.39.2_1,UGA.39.4_1,115.0,0
UGA.39.2_1,UGA.21.2_1,151.0,0
UGA.39.2_1,UGA.6.2_1,39.0,0
UGA.39.2_1,UGA.39.7_1,41.0,0
UGA.39.2_1,UGA.6.3_1,31.0,0
UGA.39.2_1,UGA.6.5_1,33.0,0
UGA.39.2_1,UGA.39.6_1,13.0,0
UGA.39.2_1,UGA.39.8_1,15.0,0
UGA.39.2_1,UGA.13.1_1,20.0,0
UGA.39.2_1,UGA.21.1_1,42.0,0
UGA.39.2_1,UGA.53.1_1,9.0,0
UGA.39.2_1,UGA.51.1_1,7.0,0
UGA.39.2_1,UGA.6.4_1,8.0,0
UGA.39.2_1,UGA.13.2_1,16.0,0
UGA.39.2_1,UGA.30.1_1,21.0,0
UGA.39.2_1,UGA.30.2_1,26.0,0
UGA.39.2_1,UGA.13.3_1,4.0,0
UGA.39.2_1,UGA.39.3_1,5.0,0
UGA.39.2_1,UGA.52.1_1,9.0,0
UGA.39.2_1,UGA.48.2_1,14.0,0
UGA.39.2_1,UGA.5.1_1,10.0,0
UGA.39.2_1,UGA.53.2_1,8.0,0
UGA.39.2_1,UGA.39.1_1,6.0,0
UGA.39.2_1,UGA.52.2_1,5.0,0
UGA.39.2_1,UGA.51.3_1,4.0,0
UGA.39.2_1,UGA.24.3_1,2.0,0
UGA.39.2_1,UGA.19.1_1,6.0,0
UGA.39.2_1,UGA.43.2_1,9.0,0
UGA.39.2_1,UGA.5.2_1,1.0,0
UGA.39.2_1,UGA.24.2_1,6.0,0
UGA.39.2_1,UGA.35.1_1,1.0,0
UGA.39.2_1,UGA.35.2_1,5.0,0
UGA.39.2_1,UGA.42.2_1,1.0,0
UGA.39.2_1,UGA.51.4_1,2.0,0
UGA.39.2_1,UGA.12.3_1,2.0,0
UGA.39.2_1,UGA.24.1_1,1.0,0
UGA.39.2_1,UGA.12.2_1,1.0,0
UGA.39.2_1,UGA.26.1_1,4.0,0
UGA.39.2_1,UGA.43.3_1,5.0,0
UGA.39.2_1,UGA.9.2_1,1.0,0
UGA.39.2_1,UGA.43.4_1,1.0,0
UGA.39.2_1,UGA.42.3_1,1.0,0
UGA.39.2_1,UGA.15.1_1,1.0,0
UGA.39.2_1,UGA.9.1_1,1.0,0
UGA.39.2_1,UGA.57.1_1,8.0,0
UGA.39.2_1,UGA.57.2_1,1.0,0
UGA.39.2_1,UGA.34.3_1,1.0,0
UGA.39.2_1,UGA.16.1_1,3.0,0
UGA.39.2_1,UGA.57.3_1,4.0,0
UGA.39.2_1,UGA.34.2_1,2.0,0
UGA.39.2_1,UGA.36.3_1,1.0,0
UGA.39.2_1,UGA.32.1_1,1.0,0
UGA.39.2_1,UGA.44.1_1,2.0,0
UGA.39.2_1,UGA.36.4_1,2.0,0
UGA.39.2_1,UGA.47.3_1,1.0,0
UGA.39.2_1,UGA.11.3_1,1.0,0
UGA.39.2_1,UGA.11.1_1,1.0,0
UGA.39.2_1,UGA.8.4_1,2.0,0
UGA.39.2_1,UGA.17.1_1,2.0,0
UGA.39.2_1,UGA.10.4_1,1.0,0
UGA.39.2_1,UGA.3.2_1,1.0,0
UGA.39.2_1,UGA.55.1_1,1.0,0
UGA.39.2_1,UGA.33.1_1,1.0,0
UGA.39.2_1,UGA.3.6_1,1.0,0
UGA.39.2_1,UGA.3.5_1,1.0,0
UGA.39.2_1,UGA.8.2_1,1.0,0
UGA.39.2_1,UGA.55.2_1,1.0,0
UGA.39.2_1,UGA.14.2_1,1.0,0
UGA.39.2_1,UGA.33.2_1,1.0,0
UGA.39.2_1,UGA.50.3_1,1.0,0
UGA.39.2_1,UGA.56.2_1,1.0,0
UGA.39.2_1,UGA.38.2_1,1.0,0
UGA.39.2_1,UGA.38.1_1,1.0,0
UGA.39.3_1,UGA.39.6_1,953.0,0
UGA.39.3_1,UGA.39.8_1,757.0,0
UGA.39.3_1,UGA.39.1_1,595.0,0
UGA.39.3_1,UGA.48.2_1,302.0,0
UGA.39.3_1,UGA.39.4_1,149.0,0
UGA.39.3_1,UGA.6.5_1,112.0,0
UGA.39.3_1,UGA.39.7_1,79.0,0
UGA.39.3_1,UGA.48.1_1,30.0,0
UGA.39.3_1,UGA.48.3_1,48.0,0
UGA.39.3_1,UGA.6.1_1,29.0,0
UGA.39.3_1,UGA.51.3_1,47.0,0
UGA.39.3_1,UGA.6.3_1,42.0,0
UGA.39.3_1,UGA.12.4_1,17.0,0
UGA.39.3_1,UGA.6.4_1,28.0,0
UGA.39.3_1,UGA.52.2_1,15.0,0
UGA.39.3_1,UGA.51.1_1,18.0,0
UGA.39.3_1,UGA.39.2_1,25.0,0
UGA.39.3_1,UGA.51.2_1,15.0,0
UGA.39.3_1,UGA.12.1_1,2.0,0
UGA.39.3_1,UGA.12.2_1,7.0,0
UGA.39.3_1,UGA.39.5_1,25.0,0
UGA.39.3_1,UGA.52.1_1,8.0,0
UGA.39.3_1,UGA.6.2_1,7.0,0
UGA.39.3_1,UGA.18.2_1,9.0,0
UGA.39.3_1,UGA.12.3_1,8.0,0
UGA.39.3_1,UGA.51.4_1,10.0,0
UGA.39.3_1,UGA.19.1_1,19.0,0
UGA.39.3_1,UGA.53.1_1,5.0,0
UGA.39.3_1,UGA.35.2_1,14.0,0
UGA.39.3_1,UGA.53.2_1,3.0,0
UGA.39.3_1,UGA.26.1_1,11.0,0
UGA.39.3_1,UGA.35.4_1,5.0,0
UGA.39.3_1,UGA.18.1_1,13.0,0
UGA.39.3_1,UGA.35.1_1,6.0,0
UGA.39.3_1,UGA.21.2_1,9.0,0
UGA.39.3_1,UGA.21.1_1,5.0,0
UGA.39.3_1,UGA.35.3_1,1.0,0
UGA.39.3_1,UGA.30.1_1,8.0,0
UGA.39.3_1,UGA.42.2_1,3.0,0
UGA.39.3_1,UGA.30.2_1,11.0,0
UGA.39.3_1,UGA.43.2_1,3.0,0
UGA.39.3_1,UGA.13.2_1,3.0,0
UGA.39.3_1,UGA.5.1_1,4.0,0
UGA.39.3_1,UGA.24.3_1,2.0,0
UGA.39.3_1,UGA.42.1_1,2.0,0
UGA.39.3_1,UGA.43.3_1,2.0,0
UGA.39.3_1,UGA.42.3_1,3.0,0
UGA.39.3_1,UGA.43.1_1,2.0,0
UGA.39.3_1,UGA.24.2_1,9.0,0
UGA.39.3_1,UGA.5.2_1,1.0,0
UGA.39.3_1,UGA.43.4_1,3.0,0
UGA.39.3_1,UGA.24.1_1,2.0,0
UGA.39.3_1,UGA.57.1_1,13.0,0
UGA.39.3_1,UGA.25.1_1,2.0,0
UGA.39.3_1,UGA.9.2_1,1.0,0
UGA.39.3_1,UGA.16.1_1,9.0,0
UGA.39.3_1,UGA.57.3_1,10.0,0
UGA.39.3_1,UGA.44.3_1,2.0,0
UGA.39.3_1,UGA.34.3_1,3.0,0
UGA.39.3_1,UGA.9.1_1,1.0,0
UGA.39.3_1,UGA.34.2_1,3.0,0
UGA.39.3_1,UGA.44.1_1,2.0,0
UGA.39.3_1,UGA.44.2_1,1.0,0
UGA.39.3_1,UGA.46.1_1,1.0,0
UGA.39.3_1,UGA.11.3_1,1.0,0
UGA.39.3_1,UGA.23.1_1,1.0,0
UGA.39.3_1,UGA.17.4_1,1.0,0
UGA.39.3_1,UGA.17.2_1,3.0,0
UGA.39.3_1,UGA.37.1_1,2.0,0
UGA.39.3_1,UGA.10.1_1,1.0,0
UGA.39.3_1,UGA.47.3_1,1.0,0
UGA.39.3_1,UGA.4.1_1,1.0,0
UGA.39.3_1,UGA.2.2_1,1.0,0
UGA.39.3_1,UGA.10.2_1,1.0,0
UGA.39.3_1,UGA.7.1_1,1.0,0
UGA.39.3_1,UGA.8.4_1,1.0,0
UGA.39.3_1,UGA.33.1_1,1.0,0
UGA.39.3_1,UGA.56.1_1,1.0,0
UGA.39.3_1,UGA.55.2_1,1.0,0
UGA.39.3_1,UGA.2.4_1,1.0,0
UGA.39.3_1,UGA.50.1_1,1.0,0
UGA.39.3_1,UGA.3.2_1,1.0,0
UGA.39.3_1,UGA.55.4_1,1.0,0
UGA.39.3_1,UGA.38.4_1,1.0,0
UGA.39.3_1,UGA.29.2_1,2.0,0
UGA.39.3_1,UGA.22.3_1,1.0,0
UGA.39.4_1,UGA.39.6_1,830.0,0
UGA.39.4_1,UGA.6.1_1,449.0,0
UGA.39.4_1,UGA.39.8_1,334.0,0
UGA.39.4_1,UGA.6.5_1,219.0,0
UGA.39.4_1,UGA.39.7_1,105.0,0
UGA.39.4_1,UGA.39.3_1,124.0,0
UGA.39.4_1,UGA.39.2_1,71.0,0
UGA.39.4_1,UGA.6.3_1,33.0,0
UGA.39.4_1,UGA.48.2_1,26.0,0
UGA.39.4_1,UGA.18.2_1,20.0,0
UGA.39.4_1,UGA.39.5_1,24.0,0
UGA.39.4_1,UGA.39.1_1,15.0,0
UGA.39.4_1,UGA.48.1_1,13.0,0
UGA.39.4_1,UGA.6.4_1,8.0,0
UGA.39.4_1,UGA.6.2_1,10.0,0
UGA.39.4_1,UGA.51.1_1,9.0,0
UGA.39.4_1,UGA.51.3_1,16.0,0
UGA.39.4_1,UGA.48.3_1,8.0,0
UGA.39.4_1,UGA.52.1_1,9.0,0
UGA.39.4_1,UGA.18.1_1,5.0,0
UGA.39.4_1,UGA.53.1_1,3.0,0
UGA.39.4_1,UGA.52.2_1,2.0,0
UGA.39.4_1,UGA.21.2_1,10.0,0
UGA.39.4_1,UGA.12.4_1,3.0,0
UGA.39.4_1,UGA.53.2_1,6.0,0
UGA.39.4_1,UGA.21.1_1,7.0,0
UGA.39.4_1,UGA.19.1_1,9.0,0
UGA.39.4_1,UGA.30.1_1,7.0,0
UGA.39.4_1,UGA.51.2_1,1.0,0
UGA.39.4_1,UGA.12.1_1,2.0,0
UGA.39.4_1,UGA.51.4_1,2.0,0
UGA.39.4_1,UGA.35.2_1,2.0,0
UGA.39.4_1,UGA.30.2_1,5.0,0
UGA.39.4_1,UGA.35.4_1,1.0,0
UGA.39.4_1,UGA.13.3_1,1.0,0
UGA.39.4_1,UGA.26.1_1,1.0,0
UGA.39.4_1,UGA.43.2_1,2.0,0
UGA.39.4_1,UGA.35.3_1,1.0,0
UGA.39.4_1,UGA.42.2_1,1.0,0
UGA.39.4_1,UGA.5.1_1,3.0,0
UGA.39.4_1,UGA.42.1_1,1.0,0
UGA.39.4_1,UGA.24.1_1,2.0,0
UGA.39.4_1,UGA.42.3_1,1.0,0
UGA.39.4_1,UGA.43.4_1,1.0,0
UGA.39.4_1,UGA.9.2_1,2.0,0
UGA.39.4_1,UGA.25.1_1,2.0,0
UGA.39.4_1,UGA.57.1_1,1.0,0
UGA.39.4_1,UGA.9.1_1,1.0,0
UGA.39.4_1,UGA.16.1_1,1.0,0
UGA.39.4_1,UGA.57.3_1,3.0,0
UGA.39.4_1,UGA.44.3_1,2.0,0
UGA.39.4_1,UGA.23.2_1,1.0,0
UGA.39.4_1,UGA.17.2_1,1.0,0
UGA.39.4_1,UGA.37.1_1,1.0,0
UGA.39.4_1,UGA.8.4_1,1.0,0
UGA.39.4_1,UGA.3.7_1,1.0,0
UGA.39.4_1,UGA.2.4_1,1.0,0
UGA.39.4_1,UGA.33.1_1,1.0,0
UGA.39.4_1,UGA.29.3_1,1.0,0
UGA.39.4_1,UGA.55.4_1,1.0,0
UGA.39.4_1,UGA.29.2_1,1.0,0
UGA.39.4_1,UGA.54.2_1,1.0,0
UGA.39.4_1,UGA.27.1_1,1.0,0
UGA.39.5_1,UGA.39.2_1,1345.0,0
UGA.39.5_1,UGA.18.1_1,407.0,0
UGA.39.5_1,UGA.53.1_1,51.0,0
UGA.39.5_1,UGA.39.7_1,106.0,0
UGA.39.5_1,UGA.18.2_1,54.0,0
UGA.39.5_1,UGA.30.1_1,91.0,0
UGA.39.5_1,UGA.51.1_1,15.0,0
UGA.39.5_1,UGA.39.4_1,29.0,0
UGA.39.5_1,UGA.6.1_1,15.0,0
UGA.39.5_1,UGA.30.2_1,43.0,0
UGA.39.5_1,UGA.53.2_1,16.0,0
UGA.39.5_1,UGA.39.6_1,5.0,0
UGA.39.5_1,UGA.21.2_1,21.0,0
UGA.39.5_1,UGA.13.2_1,10.0,0
UGA.39.5_1,UGA.43.2_1,13.0,0
UGA.39.5_1,UGA.13.1_1,5.0,0
UGA.39.5_1,UGA.6.5_1,8.0,0
UGA.39.5_1,UGA.13.3_1,1.0,0
UGA.39.5_1,UGA.24.3_1,1.0,0
UGA.39.5_1,UGA.39.8_1,6.0,0
UGA.39.5_1,UGA.6.2_1,7.0,0
UGA.39.5_1,UGA.6.3_1,2.0,0
UGA.39.5_1,UGA.35.1_1,3.0,0
UGA.39.5_1,UGA.51.3_1,4.0,0
UGA.39.5_1,UGA.39.3_1,2.0,0
UGA.39.5_1,UGA.42.2_1,3.0,0
UGA.39.5_1,UGA.39.1_1,3.0,0
UGA.39.5_1,UGA.21.1_1,5.0,0
UGA.39.5_1,UGA.35.2_1,3.0,0
UGA.39.5_1,UGA.24.2_1,2.0,0
UGA.39.5_1,UGA.5.1_1,2.0,0
UGA.39.5_1,UGA.35.4_1,1.0,0
UGA.39.5_1,UGA.6.4_1,1.0,0
UGA.39.5_1,UGA.48.2_1,1.0,0
UGA.39.5_1,UGA.51.4_1,2.0,0
UGA.39.5_1,UGA.24.1_1,3.0,0
UGA.39.5_1,UGA.43.3_1,2.0,0
UGA.39.5_1,UGA.48.1_1,1.0,0
UGA.39.5_1,UGA.52.1_1,1.0,0
UGA.39.5_1,UGA.9.2_1,1.0,0
UGA.39.5_1,UGA.43.4_1,3.0,0
UGA.39.5_1,UGA.25.1_1,1.0,0
UGA.39.5_1,UGA.42.3_1,3.0,0
UGA.39.5_1,UGA.12.4_1,1.0,0
UGA.39.5_1,UGA.12.2_1,1.0,0
UGA.39.5_1,UGA.57.1_1,5.0,0
UGA.39.5_1,UGA.26.1_1,2.0,0
UGA.39.5_1,UGA.16.1_1,3.0,0
UGA.39.5_1,UGA.57.3_1,2.0,0
UGA.39.5_1,UGA.34.2_1,1.0,0
UGA.39.5_1,UGA.44.3_1,1.0,0
UGA.39.5_1,UGA.36.1_1,1.0,0
UGA.39.5_1,UGA.34.1_1,1.0,0
UGA.39.5_1,UGA.44.1_1,1.0,0
UGA.39.5_1,UGA.23.2_1,1.0,0
UGA.39.5_1,UGA.23.1_1,1.0,0
UGA.39.5_1,UGA.2.3_1,1.0,0
UGA.39.5_1,UGA.37.1_1,1.0,0
UGA.39.5_1,UGA.3.2_1,1.0,0
UGA.39.5_1,UGA.50.4_1,1.0,0
UGA.39.5_1,UGA.55.4_1,1.0,0
UGA.39.5_1,UGA.54.3_1,1.0,0
UGA.39.6_1,UGA.39.4_1,850.0,0
UGA.39.6_1,UGA.39.8_1,140.0,0
UGA.39.6_1,UGA.39.3_1,113.0,0
UGA.39.6_1,UGA.6.5_1,47.0,0
UGA.39.6_1,UGA.39.7_1,24.0,0
UGA.39.6_1,UGA.6.1_1,14.0,0
UGA.39.6_1,UGA.48.2_1,22.0,0
UGA.39.6_1,UGA.39.1_1,14.0,0
UGA.39.6_1,UGA.6.3_1,5.0,0
UGA.39.6_1,UGA.48.1_1,9.0,0
UGA.39.6_1,UGA.39.2_1,2.0,0
UGA.39.6_1,UGA.6.4_1,2.0,0
UGA.39.6_1,UGA.51.3_1,4.0,0
UGA.39.6_1,UGA.48.3_1,2.0,0
UGA.39.6_1,UGA.51.1_1,2.0,0
UGA.39.6_1,UGA.39.5_1,5.0,0
UGA.39.6_1,UGA.18.2_1,3.0,0
UGA.39.6_1,UGA.6.2_1,3.0,0
UGA.39.6_1,UGA.52.2_1,2.0,0
UGA.39.6_1,UGA.52.1_1,2.0,0
UGA.39.6_1,UGA.51.2_1,1.0,0
UGA.39.6_1,UGA.18.1_1,3.0,0
UGA.39.6_1,UGA.12.1_1,1.0,0
UGA.39.6_1,UGA.19.1_1,1.0,0
UGA.39.6_1,UGA.21.2_1,1.0,0
UGA.39.6_1,UGA.35.2_1,5.0,0
UGA.39.6_1,UGA.35.4_1,1.0,0
UGA.39.6_1,UGA.30.1_1,2.0,0
UGA.39.6_1,UGA.35.3_1,1.0,0
UGA.39.6_1,UGA.43.2_1,3.0,0
UGA.39.6_1,UGA.24.1_1,1.0,0
UGA.39.6_1,UGA.57.2_1,2.0,0
UGA.39.6_1,UGA.9.2_1,1.0,0
UGA.39.6_1,UGA.57.3_1,2.0,0
UGA.39.6_1,UGA.17.1_1,1.0,0
UGA.39.6_1,UGA.10.3_1,1.0,0
UGA.39.6_1,UGA.56.1_1,1.0,0
UGA.39.7_1,UGA.51.1_1,806.0,0
UGA.39.7_1,UGA.39.4_1,567.0,0
UGA.39.7_1,UGA.39.6_1,158.0,0
UGA.39.7_1,UGA.39.5_1,169.0,0
UGA.39.7_1,UGA.51.3_1,117.0,0
UGA.39.7_1,UGA.53.1_1,20.0,0
UGA.39.7_1,UGA.39.2_1,62.0,0
UGA.39.7_1,UGA.39.3_1,55.0,0
UGA.39.7_1,UGA.39.1_1,29.0,0
UGA.39.7_1,UGA.6.1_1,11.0,0
UGA.39.7_1,UGA.39.8_1,17.0,0
UGA.39.7_1,UGA.53.2_1,11.0,0
UGA.39.7_1,UGA.6.5_1,21.0,0
UGA.39.7_1,UGA.18.2_1,4.0,0
UGA.39.7_1,UGA.35.2_1,26.0,0
UGA.39.7_1,UGA.51.4_1,5.0,0
UGA.39.7_1,UGA.35.1_1,7.0,0
UGA.39.7_1,UGA.18.1_1,8.0,0
UGA.39.7_1,UGA.48.2_1,11.0,0
UGA.39.7_1,UGA.6.3_1,6.0,0
UGA.39.7_1,UGA.30.1_1,6.0,0
UGA.39.7_1,UGA.51.2_1,3.0,0
UGA.39.7_1,UGA.35.4_1,2.0,0
UGA.39.7_1,UGA.6.2_1,2.0,0
UGA.39.7_1,UGA.48.1_1,3.0,0
UGA.39.7_1,UGA.35.3_1,1.0,0
UGA.39.7_1,UGA.6.4_1,1.0,0
UGA.39.7_1,UGA.43.2_1,8.0,0
UGA.39.7_1,UGA.21.2_1,4.0,0
UGA.39.7_1,UGA.48.3_1,2.0,0
UGA.39.7_1,UGA.30.2_1,3.0,0
UGA.39.7_1,UGA.52.1_1,1.0,0
UGA.39.7_1,UGA.52.2_1,1.0,0
UGA.39.7_1,UGA.13.1_1,2.0,0
UGA.39.7_1,UGA.12.4_1,2.0,0
UGA.39.7_1,UGA.21.1_1,2.0,0
UGA.39.7_1,UGA.24.3_1,1.0,0
UGA.39.7_1,UGA.43.3_1,1.0,0
UGA.39.7_1,UGA.19.1_1,1.0,0
UGA.39.7_1,UGA.12.2_1,2.0,0
UGA.39.7_1,UGA.24.2_1,2.0,0
UGA.39.7_1,UGA.24.1_1,1.0,0
UGA.39.7_1,UGA.26.1_1,2.0,0
UGA.39.7_1,UGA.25.1_1,1.0,0
UGA.39.7_1,UGA.57.1_1,1.0,0
UGA.39.7_1,UGA.9.2_1,1.0,0
UGA.39.7_1,UGA.16.1_1,1.0,0
UGA.39.7_1,UGA.57.3_1,2.0,0
UGA.39.7_1,UGA.34.3_1,4.0,0
UGA.39.7_1,UGA.32.1_1,1.0,0
UGA.39.7_1,UGA.44.1_1,1.0,0
UGA.39.7_1,UGA.23.2_1,1.0,0
UGA.39.7_1,UGA.23.1_1,1.0,0
UGA.39.7_1,UGA.17.2_1,1.0,0
UGA.39.7_1,UGA.36.4_1,1.0,0
UGA.39.7_1,UGA.37.1_1,3.0,0
UGA.39.7_1,UGA.17.1_1,1.0,0
UGA.39.7_1,UGA.17.3_1,1.0,0
UGA.39.7_1,UGA.4.1_1,1.0,0
UGA.39.7_1,UGA.50.1_1,1.0,0
UGA.39.7_1,UGA.55.4_1,1.0,0
UGA.39.7_1,UGA.49.2_1,1.0,0
UGA.39.7_1,UGA.28.3_1,1.0,0
UGA.39.8_1,UGA.39.6_1,783.0,0
UGA.39.8_1,UGA.6.5_1,530.0,0
UGA.39.8_1,UGA.48.2_1,247.0,0
UGA.39.8_1,UGA.39.3_1,133.0,0
UGA.39.8_1,UGA.39.4_1,56.0,0
UGA.39.8_1,UGA.48.1_1,17.0,0
UGA.39.8_1,UGA.6.1_1,16.0,0
UGA.39.8_1,UGA.6.3_1,26.0,0
UGA.39.8_1,UGA.48.3_1,15.0,0
UGA.39.8_1,UGA.6.4_1,12.0,0
UGA.39.8_1,UGA.39.1_1,15.0,0
UGA.39.8_1,UGA.39.7_1,10.0,0
UGA.39.8_1,UGA.52.2_1,9.0,0
UGA.39.8_1,UGA.12.4_1,4.0,0
UGA.39.8_1,UGA.39.2_1,7.0,0
UGA.39.8_1,UGA.52.1_1,4.0,0
UGA.39.8_1,UGA.6.2_1,2.0,0
UGA.39.8_1,UGA.18.2_1,2.0,0
UGA.39.8_1,UGA.12.1_1,4.0,0
UGA.39.8_1,UGA.12.2_1,4.0,0
UGA.39.8_1,UGA.51.3_1,5.0,0
UGA.39.8_1,UGA.12.3_1,6.0,0
UGA.39.8_1,UGA.19.1_1,4.0,0
UGA.39.8_1,UGA.39.5_1,2.0,0
UGA.39.8_1,UGA.51.1_1,3.0,0
UGA.39.8_1,UGA.26.1_1,1.0,0
UGA.39.8_1,UGA.21.2_1,4.0,0
UGA.39.8_1,UGA.51.2_1,1.0,0
UGA.39.8_1,UGA.18.1_1,4.0,0
UGA.39.8_1,UGA.21.1_1,2.0,0
UGA.39.8_1,UGA.51.4_1,1.0,0
UGA.39.8_1,UGA.53.2_1,2.0,0
UGA.39.8_1,UGA.35.2_1,3.0,0
UGA.39.8_1,UGA.13.1_1,1.0,0
UGA.39.8_1,UGA.30.1_1,2.0,0
UGA.39.8_1,UGA.35.4_1,3.0,0
UGA.39.8_1,UGA.13.3_1,1.0,0
UGA.39.8_1,UGA.35.3_1,5.0,0
UGA.39.8_1,UGA.5.1_1,4.0,0
UGA.39.8_1,UGA.43.2_1,1.0,0
UGA.39.8_1,UGA.42.2_1,3.0,0
UGA.39.8_1,UGA.24.2_1,4.0,0
UGA.39.8_1,UGA.42.1_1,1.0,0
UGA.39.8_1,UGA.42.3_1,1.0,0
UGA.39.8_1,UGA.24.1_1,2.0,0
UGA.39.8_1,UGA.43.4_1,2.0,0
UGA.39.8_1,UGA.57.1_1,3.0,0
UGA.39.8_1,UGA.16.1_1,3.0,0
UGA.39.8_1,UGA.57.3_1,3.0,0
UGA.39.8_1,UGA.9.1_1,1.0,0
UGA.39.8_1,UGA.34.1_1,1.0,0
UGA.39.8_1,UGA.17.4_1,1.0,0
UGA.39.8_1,UGA.10.4_1,1.0,0
UGA.39.8_1,UGA.56.2_1,1.0,0
UGA.39.8_1,UGA.50.2_1,1.0,0
UGA.39.8_1,UGA.56.4_1,1.0,0
UGA.39.8_1,UGA.29.2_1,1.0,0
UGA.39.8_1,UGA.49.1_1,1.0,0
UGA.39.8_1,UGA.28.2_1,1.0,0
UGA.40.1_1,UGA.40.3_1,110.0,0
UGA.40.1_1,UGA.45.2_1,468.0,0
UGA.40.1_1,UGA.40.2_1,434.0,0
UGA.40.1_1,UGA.22.3_1,312.0,0
UGA.40.1_1,UGA.22.2_1,100.0,0
UGA.40.1_1,UGA.28.3_1,86.0,0
UGA.40.1_1,UGA.28.2_1,100.0,0
UGA.40.1_1,UGA.45.1_1,55.0,0
UGA.40.1_1,UGA.22.1_1,47.0,0
UGA.40.1_1,UGA.33.6_1,22.0,0
UGA.40.1_1,UGA.45.3_1,21.0,0
UGA.40.1_1,UGA.55.4_1,33.0,0
UGA.40.1_1,UGA.55.3_1,6.0,0
UGA.40.1_1,UGA.29.2_1,18.0,0
UGA.40.1_1,UGA.33.5_1,17.0,0
UGA.40.1_1,UGA.54.2_1,5.0,0
UGA.40.1_1,UGA.49.1_1,8.0,0
UGA.40.1_1,UGA.29.3_1,10.0,0
UGA.40.1_1,UGA.20.2_1,8.0,0
UGA.40.1_1,UGA.29.1_1,7.0,0
UGA.40.1_1,UGA.14.2_1,2.0,0
UGA.40.1_1,UGA.20.3_1,3.0,0
UGA.40.1_1,UGA.55.2_1,5.0,0
UGA.40.1_1,UGA.20.1_1,3.0,0
UGA.40.1_1,UGA.54.1_1,5.0,0
UGA.40.1_1,UGA.28.1_1,1.0,0
UGA.40.1_1,UGA.33.1_1,3.0,0
UGA.40.1_1,UGA.50.2_1,6.0,0
UGA.40.1_1,UGA.54.3_1,1.0,0
UGA.40.1_1,UGA.33.2_1,2.0,0
UGA.40.1_1,UGA.50.4_1,4.0,0
UGA.40.1_1,UGA.14.1_1,2.0,0
UGA.40.1_1,UGA.38.4_1,1.0,0
UGA.40.1_1,UGA.55.1_1,1.0,0
UGA.40.1_1,UGA.50.1_1,1.0,0
UGA.40.1_1,UGA.38.3_1,1.0,0
UGA.40.1_1,UGA.38.2_1,9.0,0
UGA.40.1_1,UGA.27.1_1,2.0,0
UGA.40.1_1,UGA.50.3_1,2.0,0
UGA.40.1_1,UGA.38.1_1,3.0,0
UGA.40.1_1,UGA.56.1_1,1.0,0
UGA.40.1_1,UGA.2.2_1,1.0,0
UGA.40.1_1,UGA.17.1_1,4.0,0
UGA.40.1_1,UGA.10.2_1,1.0,0
UGA.40.1_1,UGA.33.3_1,3.0,0
UGA.40.1_1,UGA.56.2_1,1.0,0
UGA.40.1_1,UGA.2.4_1,3.0,0
UGA.40.1_1,UGA.8.5_1,1.0,0
UGA.40.1_1,UGA.10.4_1,1.0,0
UGA.40.1_1,UGA.10.3_1,2.0,0
UGA.40.1_1,UGA.2.3_1,2.0,0
UGA.40.1_1,UGA.4.1_1,1.0,0
UGA.40.1_1,UGA.46.1_1,1.0,0
UGA.40.1_1,UGA.23.2_1,1.0,0
UGA.40.1_1,UGA.37.1_1,2.0,0
UGA.40.1_1,UGA.34.1_1,1.0,0
UGA.40.1_1,UGA.36.4_1,1.0,0
UGA.40.1_1,UGA.44.1_1,1.0,0
UGA.40.1_1,UGA.57.3_1,2.0,0
UGA.40.1_1,UGA.16.1_1,1.0,0
UGA.40.1_1,UGA.25.1_1,1.0,0
UGA.40.1_1,UGA.47.3_1,1.0,0
UGA.40.1_1,UGA.39.7_1,1.0,0
UGA.40.2_1,UGA.40.3_1,101.0,0
UGA.40.2_1,UGA.40.1_1,647.0,0
UGA.40.2_1,UGA.45.2_1,97.0,0
UGA.40.2_1,UGA.28.2_1,142.0,0
UGA.40.2_1,UGA.45.1_1,43.0,0
UGA.40.2_1,UGA.45.3_1,26.0,0
UGA.40.2_1,UGA.28.3_1,20.0,0
UGA.40.2_1,UGA.22.3_1,20.0,0
UGA.40.2_1,UGA.22.2_1,10.0,0
UGA.40.2_1,UGA.28.1_1,12.0,0
UGA.40.2_1,UGA.22.1_1,11.0,0
UGA.40.2_1,UGA.20.2_1,3.0,0
UGA.40.2_1,UGA.54.2_1,5.0,0
UGA.40.2_1,UGA.33.6_1,3.0,0
UGA.40.2_1,UGA.49.1_1,4.0,0
UGA.40.2_1,UGA.20.3_1,5.0,0
UGA.40.2_1,UGA.29.2_1,6.0,0
UGA.40.2_1,UGA.55.4_1,3.0,0
UGA.40.2_1,UGA.20.1_1,4.0,0
UGA.40.2_1,UGA.29.1_1,1.0,0
UGA.40.2_1,UGA.33.5_1,2.0,0
UGA.40.2_1,UGA.29.3_1,3.0,0
UGA.40.2_1,UGA.54.1_1,3.0,0
UGA.40.2_1,UGA.27.1_1,3.0,0
UGA.40.2_1,UGA.50.2_1,1.0,0
UGA.40.2_1,UGA.38.3_1,4.0,0
UGA.40.2_1,UGA.38.2_1,2.0,0
UGA.40.2_1,UGA.33.2_1,2.0,0
UGA.40.2_1,UGA.50.1_1,2.0,0
UGA.40.2_1,UGA.14.1_1,1.0,0
UGA.40.2_1,UGA.56.1_1,2.0,0
UGA.40.2_1,UGA.10.2_1,1.0,0
UGA.40.2_1,UGA.56.2_1,2.0,0
UGA.40.2_1,UGA.17.1_1,1.0,0
UGA.40.2_1,UGA.10.3_1,2.0,0
UGA.40.2_1,UGA.8.1_1,1.0,0
UGA.40.2_1,UGA.23.1_1,1.0,0
UGA.40.2_1,UGA.4.1_1,1.0,0
UGA.40.2_1,UGA.11.1_1,1.0,0
UGA.40.2_1,UGA.34.2_1,1.0,0
UGA.40.2_1,UGA.3.7_1,1.0,0
UGA.40.2_1,UGA.24.3_1,1.0,0
UGA.40.3_1,UGA.40.2_1,108.0,0
UGA.40.3_1,UGA.45.2_1,2.0,0
UGA.40.3_1,UGA.40.1_1,1.0,0
UGA.40.3_1,UGA.45.1_1,1.0,0
UGA.40.3_1,UGA.20.2_1,1.0,0
UGA.41.1_1,UGA.1.1_1,360.0,0
UGA.41.1_1,UGA.58.1_1,36.0,0
UGA.41.1_1,UGA.41.2_1,2.0,0
UGA.41.1_1,UGA.3.6_1,6.0,0
UGA.41.1_1,UGA.8.3_1,5.0,0
UGA.41.1_1,UGA.3.3_1,3.0,0
UGA.41.1_1,UGA.3.5_1,3.0,0
UGA.41.1_1,UGA.3.2_1,1.0,0
UGA.41.1_1,UGA.3.7_1,2.0,0
UGA.41.1_1,UGA.8.4_1,1.0,0
UGA.41.1_1,UGA.47.3_1,2.0,0
UGA.41.1_1,UGA.2.4_1,1.0,0
UGA.41.1_1,UGA.9.1_1,2.0,0
UGA.41.1_1,UGA.9.2_1,1.0,0
UGA.41.1_1,UGA.25.1_1,1.0,0
UGA.41.2_1,UGA.41.1_1,288.0,0
UGA.41.2_1,UGA.1.1_1,394.0,0
UGA.41.2_1,UGA.58.1_1,112.0,0
UGA.41.2_1,UGA.8.3_1,10.0,0
UGA.41.2_1,UGA.3.6_1,4.0,0
UGA.41.2_1,UGA.3.3_1,6.0,0
UGA.41.2_1,UGA.8.1_1,3.0,0
UGA.41.2_1,UGA.3.5_1,1.0,0
UGA.41.2_1,UGA.3.4_1,6.0,0
UGA.41.2_1,UGA.27.2_1,3.0,0
UGA.41.2_1,UGA.8.2_1,1.0,0
UGA.41.2_1,UGA.3.2_1,1.0,0
UGA.41.2_1,UGA.3.1_1,3.0,0
UGA.41.2_1,UGA.8.4_1,1.0,0
UGA.41.2_1,UGA.3.7_1,2.0,0
UGA.41.2_1,UGA.8.5_1,3.0,0
UGA.41.2_1,UGA.49.2_1,2.0,0
UGA.41.2_1,UGA.47.3_1,3.0,0
UGA.41.2_1,UGA.2.4_1,1.0,0
UGA.41.2_1,UGA.36.4_1,1.0,0
UGA.41.2_1,UGA.28.3_1,1.0,0
UGA.41.2_1,UGA.33.3_1,1.0,0
UGA.41.2_1,UGA.46.1_1,1.0,0
UGA.41.2_1,UGA.22.1_1,1.0,0
UGA.41.2_1,UGA.24.1_1,1.0,0
UGA.41.2_1,UGA.17.1_1,1.0,0
UGA.41.2_1,UGA.55.2_1,1.0,0
UGA.41.2_1,UGA.29.2_1,1.0,0
UGA.42.1_1,UGA.42.3_1,851.0,0
UGA.42.1_1,UGA.43.1_1,76.0,0
UGA.42.1_1,UGA.57.1_1,177.0,0
UGA.42.1_1,UGA.43.4_1,10.0,0
UGA.42.1_1,UGA.42.2_1,1.0,0
UGA.42.1_1,UGA.35.3_1,9.0,0
UGA.42.1_1,UGA.57.2_1,3.0,0
UGA.42.1_1,UGA.43.3_1,4.0,0
UGA.42.1_1,UGA.35.1_1,2.0,0
UGA.42.1_1,UGA.16.1_1,11.0,0
UGA.42.1_1,UGA.57.3_1,9.0,0
UGA.42.1_1,UGA.53.2_1,2.0,0
UGA.42.1_1,UGA.44.3_1,2.0,0
UGA.42.1_1,UGA.35.2_1,1.0,0
UGA.42.1_1,UGA.34.2_1,1.0,0
UGA.42.1_1,UGA.43.2_1,1.0,0
UGA.42.1_1,UGA.11.3_1,2.0,0
UGA.42.1_1,UGA.44.2_1,1.0,0
UGA.42.1_1,UGA.37.1_1,1.0,0
UGA.42.1_1,UGA.17.1_1,1.0,0
UGA.42.1_1,UGA.7.1_1,2.0,0
UGA.42.1_1,UGA.2.4_1,1.0,0
UGA.42.1_1,UGA.52.1_1,1.0,0
UGA.42.1_1,UGA.38.1_1,1.0,0
UGA.42.2_1,UGA.35.3_1,1030.0,0
UGA.42.2_1,UGA.35.1_1,258.0,0
UGA.42.2_1,UGA.43.3_1,241.0,0
UGA.42.2_1,UGA.43.1_1,36.0,0
UGA.42.2_1,UGA.42.1_1,37.0,0
UGA.42.2_1,UGA.53.2_1,58.0,0
UGA.42.2_1,UGA.43.2_1,62.0,0
UGA.42.2_1,UGA.42.3_1,26.0,0
UGA.42.2_1,UGA.43.4_1,25.0,0
UGA.42.2_1,UGA.35.4_1,7.0,0
UGA.42.2_1,UGA.53.1_1,5.0,0
UGA.42.2_1,UGA.35.2_1,29.0,0
UGA.42.2_1,UGA.51.1_1,3.0,0
UGA.42.2_1,UGA.57.1_1,34.0,0
UGA.42.2_1,UGA.30.1_1,6.0,0
UGA.42.2_1,UGA.57.2_1,2.0,0
UGA.42.2_1,UGA.25.1_1,3.0,0
UGA.42.2_1,UGA.51.4_1,1.0,0
UGA.42.2_1,UGA.24.3_1,3.0,0
UGA.42.2_1,UGA.24.1_1,5.0,0
UGA.42.2_1,UGA.16.1_1,10.0,0
UGA.42.2_1,UGA.57.3_1,5.0,0
UGA.42.2_1,UGA.51.3_1,1.0,0
UGA.42.2_1,UGA.34.2_1,1.0,0
UGA.42.2_1,UGA.44.3_1,2.0,0
UGA.42.2_1,UGA.51.2_1,1.0,0
UGA.42.2_1,UGA.30.2_1,1.0,0
UGA.42.2_1,UGA.18.1_1,1.0,0
UGA.42.2_1,UGA.24.2_1,1.0,0
UGA.42.2_1,UGA.39.2_1,2.0,0
UGA.42.2_1,UGA.9.2_1,3.0,0
UGA.42.2_1,UGA.44.1_1,2.0,0
UGA.42.2_1,UGA.18.2_1,1.0,0
UGA.42.2_1,UGA.23.1_1,1.0,0
UGA.42.2_1,UGA.39.8_1,1.0,0
UGA.42.2_1,UGA.11.3_1,1.0,0
UGA.42.2_1,UGA.6.5_1,1.0,0
UGA.42.2_1,UGA.11.1_1,1.0,0
UGA.42.2_1,UGA.5.1_1,2.0,0
UGA.42.2_1,UGA.48.3_1,1.0,0
UGA.42.2_1,UGA.33.1_1,1.0,0
UGA.42.2_1,UGA.12.2_1,1.0,0
UGA.42.2_1,UGA.12.3_1,1.0,0
UGA.42.2_1,UGA.2.1_1,1.0,0
UGA.42.2_1,UGA.55.4_1,1.0,0
UGA.42.2_1,UGA.47.2_1,1.0,0
UGA.42.2_1,UGA.29.2_1,1.0,0
UGA.42.2_1,UGA.38.4_1,1.0,0
UGA.42.2_1,UGA.38.2_1,1.0,0
UGA.42.2_1,UGA.54.1_1,1.0,0
UGA.42.2_1,UGA.28.2_1,1.0,0
UGA.42.3_1,UGA.42.1_1,885.0,0
UGA.42.3_1,UGA.43.1_1,459.0,0
UGA.42.3_1,UGA.57.2_1,298.0,0
UGA.42.3_1,UGA.57.1_1,1085.0,0
UGA.42.3_1,UGA.43.4_1,73.0,0
UGA.42.3_1,UGA.35.3_1,37.0,0
UGA.42.3_1,UGA.16.1_1,166.0,0
UGA.42.3_1,UGA.42.2_1,5.0,0
UGA.42.3_1,UGA.15.1_1,2.0,0
UGA.42.3_1,UGA.57.3_1,62.0,0
UGA.42.3_1,UGA.15.2_1,1.0,0
UGA.42.3_1,UGA.35.1_1,6.0,0
UGA.42.3_1,UGA.43.3_1,7.0,0
UGA.42.3_1,UGA.44.3_1,15.0,0
UGA.42.3_1,UGA.35.4_1,2.0,0
UGA.42.3_1,UGA.35.2_1,9.0,0
UGA.42.3_1,UGA.53.2_1,5.0,0
UGA.42.3_1,UGA.34.2_1,5.0,0
UGA.42.3_1,UGA.44.4_1,2.0,0
UGA.42.3_1,UGA.43.2_1,9.0,0
UGA.42.3_1,UGA.44.1_1,6.0,0
UGA.42.3_1,UGA.34.1_1,2.0,0
UGA.42.3_1,UGA.51.4_1,1.0,0
UGA.42.3_1,UGA.34.3_1,2.0,0
UGA.42.3_1,UGA.32.1_1,2.0,0
UGA.42.3_1,UGA.25.1_1,5.0,0
UGA.42.3_1,UGA.23.2_1,4.0,0
UGA.42.3_1,UGA.53.1_1,1.0,0
UGA.42.3_1,UGA.51.1_1,1.0,0
UGA.42.3_1,UGA.11.3_1,3.0,0
UGA.42.3_1,UGA.17.4_1,2.0,0
UGA.42.3_1,UGA.51.3_1,3.0,0
UGA.42.3_1,UGA.11.1_1,1.0,0
UGA.42.3_1,UGA.51.2_1,3.0,0
UGA.42.3_1,UGA.23.1_1,2.0,0
UGA.42.3_1,UGA.30.1_1,1.0,0
UGA.42.3_1,UGA.24.1_1,3.0,0
UGA.42.3_1,UGA.46.1_1,1.0,0
UGA.42.3_1,UGA.17.2_1,4.0,0
UGA.42.3_1,UGA.24.3_1,2.0,0
UGA.42.3_1,UGA.39.7_1,1.0,0
UGA.42.3_1,UGA.10.4_1,1.0,0
UGA.42.3_1,UGA.37.1_1,4.0,0
UGA.42.3_1,UGA.17.1_1,1.0,0
UGA.42.3_1,UGA.10.1_1,3.0,0
UGA.42.3_1,UGA.39.1_1,1.0,0
UGA.42.3_1,UGA.24.2_1,1.0,0
UGA.42.3_1,UGA.17.3_1,1.0,0
UGA.42.3_1,UGA.9.2_1,1.0,0
UGA.42.3_1,UGA.18.1_1,3.0,0
UGA.42.3_1,UGA.9.1_1,1.0,0
UGA.42.3_1,UGA.4.1_1,2.0,0
UGA.42.3_1,UGA.39.4_1,1.0,0
UGA.42.3_1,UGA.39.2_1,1.0,0
UGA.42.3_1,UGA.10.2_1,1.0,0
UGA.42.3_1,UGA.39.3_1,2.0,0
UGA.42.3_1,UGA.56.1_1,1.0,0
UGA.42.3_1,UGA.56.2_1,1.0,0
UGA.42.3_1,UGA.48.2_1,1.0,0
UGA.42.3_1,UGA.50.2_1,1.0,0
UGA.42.3_1,UGA.21.2_1,1.0,0
UGA.42.3_1,UGA.55.3_1,1.0,0
UGA.42.3_1,UGA.5.1_1,1.0,0
UGA.42.3_1,UGA.38.2_1,2.0,0
UGA.42.3_1,UGA.6.4_1,1.0,0
UGA.42.3_1,UGA.33.2_1,1.0,0
UGA.42.3_1,UGA.52.1_1,1.0,0
UGA.42.3_1,UGA.8.4_1,1.0,0
UGA.42.3_1,UGA.8.5_1,1.0,0
UGA.42.3_1,UGA.22.3_1,1.0,0
UGA.42.3_1,UGA.8.2_1,1.0,0
UGA.42.3_1,UGA.3.4_1,1.0,0
UGA.42.3_1,UGA.45.1_1,1.0,0
UGA.43.1_1,UGA.42.1_1,582.0,0
UGA.43.1_1,UGA.43.4_1,280.0,0
UGA.43.1_1,UGA.42.3_1,83.0,0
UGA.43.1_1,UGA.42.2_1,20.0,0
UGA.43.1_1,UGA.57.1_1,55.0,0
UGA.43.1_1,UGA.43.3_1,5.0,0
UGA.43.1_1,UGA.35.3_1,1.0,0
UGA.43.1_1,UGA.57.2_1,3.0,0
UGA.43.1_1,UGA.57.3_1,14.0,0
UGA.43.1_1,UGA.16.1_1,5.0,0
UGA.43.1_1,UGA.43.2_1,1.0,0
UGA.43.1_1,UGA.53.2_1,1.0,0
UGA.43.1_1,UGA.44.3_1,1.0,0
UGA.43.1_1,UGA.25.1_1,1.0,0
UGA.43.1_1,UGA.34.1_1,1.0,0
UGA.43.1_1,UGA.44.1_1,2.0,0
UGA.43.1_1,UGA.23.2_1,1.0,0
UGA.43.1_1,UGA.11.3_1,1.0,0
UGA.43.1_1,UGA.11.1_1,1.0,0
UGA.43.1_1,UGA.36.1_1,1.0,0
UGA.43.1_1,UGA.26.1_1,1.0,0
UGA.43.1_1,UGA.41.2_1,1.0,0
UGA.43.2_1,UGA.43.3_1,2291.0,0
UGA.43.2_1,UGA.30.1_1,1158.0,0
UGA.43.2_1,UGA.24.3_1,326.0,0
UGA.43.2_1,UGA.42.2_1,203.0,0
UGA.43.2_1,UGA.53.1_1,80.0,0
UGA.43.2_1,UGA.24.1_1,356.0,0
UGA.43.2_1,UGA.53.2_1,146.0,0
UGA.43.2_1,UGA.25.1_1,207.0,0
UGA.43.2_1,UGA.35.1_1,53.0,0
UGA.43.2_1,UGA.43.4_1,75.0,0
UGA.43.2_1,UGA.43.1_1,23.0,0
UGA.43.2_1,UGA.30.2_1,127.0,0
UGA.43.2_1,UGA.35.3_1,38.0,0
UGA.43.2_1,UGA.24.2_1,78.0,0
UGA.43.2_1,UGA.39.5_1,36.0,0
UGA.43.2_1,UGA.51.1_1,18.0,0
UGA.43.2_1,UGA.42.1_1,9.0,0
UGA.43.2_1,UGA.9.2_1,38.0,0
UGA.43.2_1,UGA.18.1_1,30.0,0
UGA.43.2_1,UGA.42.3_1,25.0,0
UGA.43.2_1,UGA.35.4_1,8.0,0
UGA.43.2_1,UGA.35.2_1,36.0,0
UGA.43.2_1,UGA.34.3_1,21.0,0
UGA.43.2_1,UGA.39.7_1,16.0,0
UGA.43.2_1,UGA.9.1_1,19.0,0
UGA.43.2_1,UGA.57.1_1,57.0,0
UGA.43.2_1,UGA.13.2_1,7.0,0
UGA.43.2_1,UGA.39.2_1,7.0,0
UGA.43.2_1,UGA.36.2_1,3.0,0
UGA.43.2_1,UGA.5.2_1,4.0,0
UGA.43.2_1,UGA.34.2_1,14.0,0
UGA.43.2_1,UGA.18.2_1,5.0,0
UGA.43.2_1,UGA.51.4_1,6.0,0
UGA.43.2_1,UGA.57.2_1,3.0,0
UGA.43.2_1,UGA.51.3_1,3.0,0
UGA.43.2_1,UGA.57.3_1,34.0,0
UGA.43.2_1,UGA.13.1_1,3.0,0
UGA.43.2_1,UGA.16.1_1,31.0,0
UGA.43.2_1,UGA.39.4_1,1.0,0
UGA.43.2_1,UGA.6.1_1,2.0,0
UGA.43.2_1,UGA.5.1_1,3.0,0
UGA.43.2_1,UGA.34.1_1,3.0,0
UGA.43.2_1,UGA.46.1_1,3.0,0
UGA.43.2_1,UGA.21.2_1,8.0,0
UGA.43.2_1,UGA.15.2_1,1.0,0
UGA.43.2_1,UGA.51.2_1,1.0,0
UGA.43.2_1,UGA.44.3_1,3.0,0
UGA.43.2_1,UGA.39.1_1,3.0,0
UGA.43.2_1,UGA.36.1_1,1.0,0
UGA.43.2_1,UGA.44.4_1,2.0,0
UGA.43.2_1,UGA.39.3_1,6.0,0
UGA.43.2_1,UGA.39.8_1,3.0,0
UGA.43.2_1,UGA.6.5_1,1.0,0
UGA.43.2_1,UGA.6.3_1,3.0,0
UGA.43.2_1,UGA.23.1_1,2.0,0
UGA.43.2_1,UGA.21.1_1,4.0,0
UGA.43.2_1,UGA.23.2_1,3.0,0
UGA.43.2_1,UGA.36.4_1,3.0,0
UGA.43.2_1,UGA.44.1_1,4.0,0
UGA.43.2_1,UGA.48.2_1,1.0,0
UGA.43.2_1,UGA.6.4_1,1.0,0
UGA.43.2_1,UGA.17.4_1,3.0,0
UGA.43.2_1,UGA.11.3_1,3.0,0
UGA.43.2_1,UGA.48.1_1,2.0,0
UGA.43.2_1,UGA.11.2_1,2.0,0
UGA.43.2_1,UGA.32.1_1,1.0,0
UGA.43.2_1,UGA.52.1_1,1.0,0
UGA.43.2_1,UGA.17.1_1,2.0,0
UGA.43.2_1,UGA.47.3_1,1.0,0
UGA.43.2_1,UGA.2.2_1,2.0,0
UGA.43.2_1,UGA.48.3_1,1.0,0
UGA.43.2_1,UGA.10.4_1,1.0,0
UGA.43.2_1,UGA.47.2_1,1.0,0
UGA.43.2_1,UGA.12.4_1,1.0,0
UGA.43.2_1,UGA.19.1_1,3.0,0
UGA.43.2_1,UGA.14.1_1,1.0,0
UGA.43.2_1,UGA.37.1_1,6.0,0
UGA.43.2_1,UGA.17.3_1,1.0,0
UGA.43.2_1,UGA.10.1_1,2.0,0
UGA.43.2_1,UGA.2.1_1,2.0,0
UGA.43.2_1,UGA.33.4_1,1.0,0
UGA.43.2_1,UGA.3.4_1,1.0,0
UGA.43.2_1,UGA.14.2_1,1.0,0
UGA.43.2_1,UGA.55.2_1,1.0,0
UGA.43.2_1,UGA.3.7_1,1.0,0
UGA.43.2_1,UGA.33.2_1,2.0,0
UGA.43.2_1,UGA.4.1_1,1.0,0
UGA.43.2_1,UGA.29.3_1,2.0,0
UGA.43.2_1,UGA.33.5_1,2.0,0
UGA.43.2_1,UGA.56.1_1,2.0,0
UGA.43.2_1,UGA.8.3_1,2.0,0
UGA.43.2_1,UGA.7.1_1,1.0,0
UGA.43.2_1,UGA.56.2_1,2.0,0
UGA.43.2_1,UGA.8.1_1,1.0,0
UGA.43.2_1,UGA.3.6_1,1.0,0
UGA.43.2_1,UGA.22.1_1,1.0,0
UGA.43.2_1,UGA.3.5_1,1.0,0
UGA.43.2_1,UGA.33.6_1,1.0,0
UGA.43.2_1,UGA.56.4_1,2.0,0
UGA.43.2_1,UGA.38.2_1,1.0,0
UGA.43.2_1,UGA.54.1_1,3.0,0
UGA.43.2_1,UGA.58.1_1,1.0,0
UGA.43.2_1,UGA.20.3_1,1.0,0
UGA.43.2_1,UGA.20.2_1,1.0,0
UGA.43.2_1,UGA.40.1_1,1.0,0
UGA.43.2_1,UGA.27.1_1,2.0,0
UGA.43.2_1,UGA.45.3_1,2.0,0
UGA.43.3_1,UGA.43.4_1,1678.0,0
UGA.43.3_1,UGA.42.2_1,498.0,0
UGA.43.3_1,UGA.43.1_1,205.0,0
UGA.43.3_1,UGA.43.2_1,553.0,0
UGA.43.3_1,UGA.25.1_1,204.0,0
UGA.43.3_1,UGA.42.1_1,42.0,0
UGA.43.3_1,UGA.42.3_1,105.0,0
UGA.43.3_1,UGA.24.1_1,95.0,0
UGA.43.3_1,UGA.35.3_1,23.0,0
UGA.43.3_1,UGA.34.3_1,31.0,0
UGA.43.3_1,UGA.35.1_1,28.0,0
UGA.43.3_1,UGA.57.1_1,113.0,0
UGA.43.3_1,UGA.53.2_1,16.0,0
UGA.43.3_1,UGA.24.3_1,10.0,0
UGA.43.3_1,UGA.53.1_1,5.0,0
UGA.43.3_1,UGA.30.1_1,14.0,0
UGA.43.3_1,UGA.34.2_1,9.0,0
UGA.43.3_1,UGA.57.3_1,40.0,0
UGA.43.3_1,UGA.57.2_1,1.0,0
UGA.43.3_1,UGA.16.1_1,33.0,0
UGA.43.3_1,UGA.35.2_1,4.0,0
UGA.43.3_1,UGA.34.1_1,1.0,0
UGA.43.3_1,UGA.15.1_1,1.0,0
UGA.43.3_1,UGA.9.2_1,4.0,0
UGA.43.3_1,UGA.24.2_1,3.0,0
UGA.43.3_1,UGA.44.3_1,2.0,0
UGA.43.3_1,UGA.46.1_1,3.0,0
UGA.43.3_1,UGA.9.1_1,1.0,0
UGA.43.3_1,UGA.39.5_1,2.0,0
UGA.43.3_1,UGA.44.4_1,2.0,0
UGA.43.3_1,UGA.36.2_1,2.0,0
UGA.43.3_1,UGA.30.2_1,4.0,0
UGA.43.3_1,UGA.15.2_1,1.0,0
UGA.43.3_1,UGA.51.4_1,1.0,0
UGA.43.3_1,UGA.39.7_1,1.0,0
UGA.43.3_1,UGA.23.2_1,2.0,0
UGA.43.3_1,UGA.18.1_1,1.0,0
UGA.43.3_1,UGA.23.1_1,3.0,0
UGA.43.3_1,UGA.44.1_1,3.0,0
UGA.43.3_1,UGA.39.2_1,1.0,0
UGA.43.3_1,UGA.17.2_1,2.0,0
UGA.43.3_1,UGA.36.1_1,2.0,0
UGA.43.3_1,UGA.51.2_1,1.0,0
UGA.43.3_1,UGA.33.3_1,2.0,0
UGA.43.3_1,UGA.2.3_1,2.0,0
UGA.43.3_1,UGA.18.2_1,3.0,0
UGA.43.3_1,UGA.36.4_1,3.0,0
UGA.43.3_1,UGA.11.1_1,1.0,0
UGA.43.3_1,UGA.44.2_1,1.0,0
UGA.43.3_1,UGA.32.1_1,1.0,0
UGA.43.3_1,UGA.17.1_1,1.0,0
UGA.43.3_1,UGA.39.1_1,1.0,0
UGA.43.3_1,UGA.10.4_1,1.0,0
UGA.43.3_1,UGA.2.2_1,2.0,0
UGA.43.3_1,UGA.5.1_1,2.0,0
UGA.43.3_1,UGA.39.3_1,1.0,0
UGA.43.3_1,UGA.10.3_1,2.0,0
UGA.43.3_1,UGA.37.1_1,2.0,0
UGA.43.3_1,UGA.14.1_1,2.0,0
UGA.43.3_1,UGA.6.2_1,1.0,0
UGA.43.3_1,UGA.10.2_1,1.0,0
UGA.43.3_1,UGA.8.4_1,1.0,0
UGA.43.3_1,UGA.55.2_1,1.0,0
UGA.43.3_1,UGA.50.4_1,1.0,0
UGA.43.3_1,UGA.4.1_1,1.0,0
UGA.43.3_1,UGA.48.1_1,1.0,0
UGA.43.3_1,UGA.47.2_1,2.0,0
UGA.43.3_1,UGA.56.1_1,1.0,0
UGA.43.3_1,UGA.56.2_1,1.0,0
UGA.43.3_1,UGA.33.5_1,1.0,0
UGA.43.3_1,UGA.22.1_1,1.0,0
UGA.43.3_1,UGA.29.2_1,1.0,0
UGA.43.3_1,UGA.38.2_1,2.0,0
UGA.43.3_1,UGA.12.2_1,1.0,0
UGA.43.3_1,UGA.12.3_1,1.0,0
UGA.43.3_1,UGA.38.1_1,1.0,0
UGA.43.3_1,UGA.54.1_1,1.0,0
UGA.43.3_1,UGA.28.2_1,1.0,0
UGA.55.3_1,UGA.55.4_1,442.0,0
UGA.55.3_1,UGA.55.2_1,43.0,0
UGA.55.3_1,UGA.29.3_1,8.0,0
UGA.55.3_1,UGA.22.1_1,10.0,0
UGA.55.3_1,UGA.14.2_1,2.0,0
UGA.55.3_1,UGA.55.1_1,7.0,0
UGA.55.3_1,UGA.29.2_1,4.0,0
UGA.55.3_1,UGA.22.3_1,1.0,0
UGA.55.3_1,UGA.14.1_1,1.0,0
UGA.55.3_1,UGA.50.4_1,1.0,0
UGA.55.3_1,UGA.22.2_1,4.0,0
UGA.55.3_1,UGA.29.1_1,1.0,0
UGA.55.3_1,UGA.17.1_1,1.0,0
UGA.55.3_1,UGA.17.3_1,1.0,0
UGA.55.3_1,UGA.50.3_1,1.0,0
UGA.55.3_1,UGA.33.3_1,1.0,0
UGA.55.3_1,UGA.40.1_1,1.0,0
UGA.55.3_1,UGA.2.1_1,1.0,0
UGA.55.3_1,UGA.56.4_1,1.0,0
UGA.56.1_1,UGA.56.2_1,1796.0,0
UGA.56.1_1,UGA.50.1_1,418.0,0
UGA.56.1_1,UGA.50.3_1,253.0,0
UGA.56.1_1,UGA.10.2_1,179.0,0
UGA.56.1_1,UGA.56.4_1,89.0,0
UGA.56.1_1,UGA.38.2_1,125.0,0
UGA.56.1_1,UGA.38.4_1,24.0,0
UGA.56.1_1,UGA.50.2_1,25.0,0
UGA.56.1_1,UGA.56.3_1,3.0,0
UGA.56.1_1,UGA.38.1_1,47.0,0
UGA.56.1_1,UGA.10.1_1,27.0,0
UGA.56.1_1,UGA.50.4_1,26.0,0
UGA.56.1_1,UGA.7.1_1,29.0,0
UGA.56.1_1,UGA.54.1_1,28.0,0
UGA.56.1_1,UGA.4.1_1,48.0,0
UGA.56.1_1,UGA.10.3_1,17.0,0
UGA.56.1_1,UGA.17.3_1,9.0,0
UGA.56.1_1,UGA.38.3_1,10.0,0
UGA.56.1_1,UGA.29.1_1,14.0,0
UGA.56.1_1,UGA.29.2_1,10.0,0
UGA.56.1_1,UGA.10.4_1,11.0,0
UGA.56.1_1,UGA.54.3_1,1.0,0
UGA.56.1_1,UGA.29.3_1,8.0,0
UGA.56.1_1,UGA.54.2_1,8.0,0
UGA.56.1_1,UGA.37.1_1,11.0,0
UGA.56.1_1,UGA.55.2_1,8.0,0
UGA.56.1_1,UGA.11.1_1,5.0,0
UGA.56.1_1,UGA.17.4_1,5.0,0
UGA.56.1_1,UGA.11.3_1,3.0,0
UGA.56.1_1,UGA.11.2_1,1.0,0
UGA.56.1_1,UGA.20.2_1,2.0,0
UGA.56.1_1,UGA.17.2_1,5.0,0
UGA.56.1_1,UGA.20.1_1,1.0,0
UGA.56.1_1,UGA.17.1_1,7.0,0
UGA.56.1_1,UGA.55.1_1,3.0,0
UGA.56.1_1,UGA.55.4_1,3.0,0
UGA.56.1_1,UGA.44.2_1,3.0,0
UGA.56.1_1,UGA.23.2_1,2.0,0
UGA.56.1_1,UGA.22.3_1,1.0,0
UGA.56.1_1,UGA.44.1_1,5.0,0
UGA.56.1_1,UGA.45.1_1,1.0,0
UGA.56.1_1,UGA.14.2_1,2.0,0
UGA.56.1_1,UGA.44.4_1,2.0,0
UGA.56.1_1,UGA.14.1_1,3.0,0
UGA.56.1_1,UGA.22.1_1,1.0,0
UGA.56.1_1,UGA.34.1_1,3.0,0
UGA.56.1_1,UGA.45.3_1,1.0,0
UGA.56.1_1,UGA.44.3_1,4.0,0
UGA.56.1_1,UGA.33.1_1,1.0,0
UGA.56.1_1,UGA.57.3_1,5.0,0
UGA.56.1_1,UGA.16.1_1,7.0,0
UGA.56.1_1,UGA.34.2_1,1.0,0
UGA.56.1_1,UGA.33.5_1,1.0,0
UGA.56.1_1,UGA.46.1_1,1.0,0
UGA.56.1_1,UGA.2.2_1,2.0,0
UGA.56.1_1,UGA.32.1_1,3.0,0
UGA.56.1_1,UGA.57.1_1,5.0,0
UGA.56.1_1,UGA.33.4_1,1.0,0
UGA.56.1_1,UGA.33.2_1,1.0,0
UGA.56.1_1,UGA.2.1_1,1.0,0
UGA.56.1_1,UGA.43.4_1,1.0,0
UGA.56.1_1,UGA.2.4_1,2.0,0
UGA.56.1_1,UGA.25.1_1,1.0,0
UGA.56.1_1,UGA.43.3_1,1.0,0
UGA.56.1_1,UGA.36.3_1,1.0,0
UGA.56.1_1,UGA.36.4_1,1.0,0
UGA.56.1_1,UGA.8.5_1,1.0,0
UGA.56.1_1,UGA.35.1_1,1.0,0
UGA.56.1_1,UGA.36.1_1,1.0,0
UGA.56.1_1,UGA.9.1_1,1.0,0
UGA.56.1_1,UGA.3.4_1,1.0,0
UGA.56.1_1,UGA.13.2_1,1.0,0
UGA.56.1_1,UGA.13.1_1,1.0,0
UGA.56.1_1,UGA.21.2_1,1.0,0
UGA.56.1_1,UGA.48.3_1,1.0,0
UGA.56.2_1,UGA.56.3_1,441.0,0
UGA.56.2_1,UGA.56.4_1,1224.0,0
UGA.56.2_1,UGA.56.1_1,750.0,0
UGA.56.2_1,UGA.7.1_1,422.0,0
UGA.56.2_1,UGA.50.1_1,167.0,0
UGA.56.2_1,UGA.38.2_1,195.0,0
UGA.56.2_1,UGA.38.1_1,111.0,0
UGA.56.2_1,UGA.10.2_1,47.0,0
UGA.56.2_1,UGA.4.1_1,86.0,0
UGA.56.2_1,UGA.38.4_1,16.0,0
UGA.56.2_1,UGA.50.3_1,29.0,0
UGA.56.2_1,UGA.10.1_1,23.0,0
UGA.56.2_1,UGA.50.2_1,13.0,0
UGA.56.2_1,UGA.38.3_1,23.0,0
UGA.56.2_1,UGA.54.1_1,18.0,0
UGA.56.2_1,UGA.10.3_1,16.0,0
UGA.56.2_1,UGA.37.1_1,18.0,0
UGA.56.2_1,UGA.50.4_1,9.0,0
UGA.56.2_1,UGA.17.3_1,11.0,0
UGA.56.2_1,UGA.29.1_1,8.0,0
UGA.56.2_1,UGA.10.4_1,11.0,0
UGA.56.2_1,UGA.20.3_1,3.0,0
UGA.56.2_1,UGA.29.2_1,14.0,0
UGA.56.2_1,UGA.54.2_1,2.0,0
UGA.56.2_1,UGA.11.1_1,6.0,0
UGA.56.2_1,UGA.29.3_1,2.0,0
UGA.56.2_1,UGA.11.2_1,2.0,0
UGA.56.2_1,UGA.20.1_1,2.0,0
UGA.56.2_1,UGA.11.3_1,3.0,0
UGA.56.2_1,UGA.20.2_1,2.0,0
UGA.56.2_1,UGA.17.4_1,3.0,0
UGA.56.2_1,UGA.55.2_1,3.0,0
UGA.56.2_1,UGA.44.2_1,2.0,0
UGA.56.2_1,UGA.17.2_1,6.0,0
UGA.56.2_1,UGA.17.1_1,6.0,0
UGA.56.2_1,UGA.23.2_1,4.0,0
UGA.56.2_1,UGA.44.1_1,6.0,0
UGA.56.2_1,UGA.55.1_1,2.0,0
UGA.56.2_1,UGA.55.4_1,3.0,0
UGA.56.2_1,UGA.44.4_1,3.0,0
UGA.56.2_1,UGA.45.1_1,2.0,0
UGA.56.2_1,UGA.22.3_1,1.0,0
UGA.56.2_1,UGA.23.1_1,1.0,0
UGA.56.2_1,UGA.14.2_1,2.0,0
UGA.56.2_1,UGA.44.3_1,4.0,0
UGA.56.2_1,UGA.22.1_1,1.0,0
UGA.56.2_1,UGA.34.1_1,1.0,0
UGA.56.2_1,UGA.45.3_1,1.0,0
UGA.56.2_1,UGA.57.3_1,13.0,0
UGA.56.2_1,UGA.16.1_1,11.0,0
UGA.56.2_1,UGA.22.2_1,1.0,0
UGA.56.2_1,UGA.33.1_1,3.0,0
UGA.56.2_1,UGA.34.2_1,1.0,0
UGA.56.2_1,UGA.33.3_1,2.0,0
UGA.56.2_1,UGA.32.1_1,2.0,0
UGA.56.2_1,UGA.57.1_1,5.0,0
UGA.56.2_1,UGA.40.1_1,3.0,0
UGA.56.2_1,UGA.57.2_1,1.0,0
UGA.56.2_1,UGA.2.2_1,1.0,0
UGA.56.2_1,UGA.33.6_1,1.0,0
UGA.56.2_1,UGA.34.3_1,1.0,0
UGA.56.2_1,UGA.33.2_1,2.0,0
UGA.56.2_1,UGA.42.3_1,1.0,0
UGA.56.2_1,UGA.2.3_1,3.0,0
UGA.56.2_1,UGA.2.1_1,1.0,0
UGA.56.2_1,UGA.43.3_1,1.0,0
UGA.56.2_1,UGA.25.1_1,1.0,0
UGA.56.2_1,UGA.49.1_1,1.0,0
UGA.56.2_1,UGA.28.2_1,1.0,0
UGA.56.2_1,UGA.36.4_1,1.0,0
UGA.56.2_1,UGA.43.2_1,1.0,0
UGA.56.2_1,UGA.8.2_1,1.0,0
UGA.56.2_1,UGA.24.1_1,1.0,0
UGA.56.2_1,UGA.51.4_1,1.0,0
UGA.56.2_1,UGA.27.1_1,1.0,0
UGA.56.2_1,UGA.9.1_1,2.0,0
UGA.56.2_1,UGA.8.4_1,2.0,0
UGA.56.2_1,UGA.28.1_1,1.0,0
UGA.56.2_1,UGA.24.3_1,1.0,0
UGA.56.2_1,UGA.51.2_1,1.0,0
UGA.56.2_1,UGA.9.2_1,1.0,0
UGA.56.2_1,UGA.51.3_1,1.0,0
UGA.56.2_1,UGA.24.2_1,1.0,0
UGA.56.2_1,UGA.39.1_1,1.0,0
UGA.56.2_1,UGA.39.4_1,1.0,0
UGA.56.2_1,UGA.18.2_1,1.0,0
UGA.56.2_1,UGA.21.2_1,2.0,0
UGA.56.2_1,UGA.6.2_1,1.0,0
UGA.56.2_1,UGA.12.2_1,1.0,0
UGA.56.2_1,UGA.26.1_1,1.0,0
UGA.56.4_1,UGA.56.3_1,384.0,0
UGA.56.4_1,UGA.56.2_1,1122.0,0
UGA.56.4_1,UGA.38.1_1,385.0,0
UGA.56.4_1,UGA.38.2_1,164.0,0
UGA.56.4_1,UGA.56.1_1,71.0,0
UGA.56.4_1,UGA.38.4_1,21.0,0
UGA.56.4_1,UGA.7.1_1,55.0,0
UGA.56.4_1,UGA.38.3_1,21.0,0
UGA.56.4_1,UGA.50.1_1,22.0,0
UGA.56.4_1,UGA.54.1_1,15.0,0
UGA.56.4_1,UGA.50.3_1,11.0,0
UGA.56.4_1,UGA.4.1_1,19.0,0
UGA.56.4_1,UGA.10.2_1,10.0,0
UGA.56.4_1,UGA.50.2_1,6.0,0
UGA.56.4_1,UGA.54.3_1,1.0,0
UGA.56.4_1,UGA.10.1_1,7.0,0
UGA.56.4_1,UGA.29.1_1,10.0,0
UGA.56.4_1,UGA.20.3_1,1.0,0
UGA.56.4_1,UGA.54.2_1,1.0,0
UGA.56.4_1,UGA.10.3_1,8.0,0
UGA.56.4_1,UGA.50.4_1,6.0,0
UGA.56.4_1,UGA.29.2_1,7.0,0
UGA.56.4_1,UGA.37.1_1,7.0,0
UGA.56.4_1,UGA.17.3_1,1.0,0
UGA.56.4_1,UGA.10.4_1,7.0,0
UGA.56.4_1,UGA.11.1_1,1.0,0
UGA.56.4_1,UGA.55.2_1,4.0,0
UGA.56.4_1,UGA.11.3_1,2.0,0
UGA.56.4_1,UGA.17.4_1,1.0,0
UGA.56.4_1,UGA.44.2_1,1.0,0
UGA.56.4_1,UGA.45.1_1,1.0,0
UGA.56.4_1,UGA.17.2_1,3.0,0
UGA.56.4_1,UGA.17.1_1,1.0,0
UGA.56.4_1,UGA.22.3_1,2.0,0
UGA.56.4_1,UGA.55.1_1,3.0,0
UGA.56.4_1,UGA.23.2_1,1.0,0
UGA.56.4_1,UGA.44.1_1,2.0,0
UGA.56.4_1,UGA.45.3_1,1.0,0
UGA.56.4_1,UGA.44.4_1,1.0,0
UGA.56.4_1,UGA.23.1_1,1.0,0
UGA.56.4_1,UGA.22.1_1,2.0,0
UGA.56.4_1,UGA.45.2_1,1.0,0
UGA.56.4_1,UGA.44.3_1,4.0,0
UGA.56.4_1,UGA.22.2_1,2.0,0
UGA.56.4_1,UGA.33.1_1,1.0,0
UGA.56.4_1,UGA.57.3_1,7.0,0
UGA.56.4_1,UGA.16.1_1,5.0,0
UGA.56.4_1,UGA.40.1_1,1.0,0
UGA.56.4_1,UGA.57.1_1,3.0,0
UGA.56.4_1,UGA.57.2_1,2.0,0
UGA.56.4_1,UGA.2.2_1,1.0,0
UGA.56.4_1,UGA.33.6_1,1.0,0
UGA.56.4_1,UGA.33.2_1,1.0,0
UGA.56.4_1,UGA.36.4_1,1.0,0
UGA.56.4_1,UGA.8.2_1,1.0,0
UGA.56.4_1,UGA.53.2_1,1.0,0
UGA.56.4_1,UGA.8.4_1,1.0,0
UGA.56.4_1,UGA.47.3_1,1.0,0
UGA.56.4_1,UGA.39.5_1,1.0,0
UGA.56.4_1,UGA.26.1_1,1.0,0
UGA.56.3_1,UGA.56.4_1,406.0,0
UGA.56.3_1,UGA.56.2_1,47.0,0
UGA.56.3_1,UGA.38.1_1,14.0,0
UGA.56.3_1,UGA.7.1_1,6.0,0
UGA.56.3_1,UGA.56.1_1,2.0,0
UGA.56.3_1,UGA.38.2_1,2.0,0
UGA.56.3_1,UGA.38.3_1,3.0,0
UGA.56.3_1,UGA.37.1_1,1.0,0
UGA.56.3_1,UGA.17.3_1,2.0,0
UGA.56.3_1,UGA.44.2_1,1.0,0
UGA.56.3_1,UGA.9.2_1,1.0,0
UGA.57.1_1,UGA.16.1_1,7989.0,0
UGA.57.1_1,UGA.57.3_1,2056.0,0
UGA.57.1_1,UGA.57.2_1,69.0,0
UGA.57.1_1,UGA.42.3_1,243.0,0
UGA.57.1_1,UGA.42.1_1,79.0,0
UGA.57.1_1,UGA.43.1_1,69.0,0
UGA.57.1_1,UGA.44.3_1,290.0,0
UGA.57.1_1,UGA.43.4_1,151.0,0
UGA.57.1_1,UGA.34.2_1,142.0,0
UGA.57.1_1,UGA.44.4_1,109.0,0
UGA.57.1_1,UGA.34.1_1,80.0,0
UGA.57.1_1,UGA.44.1_1,186.0,0
UGA.57.1_1,UGA.43.3_1,133.0,0
UGA.57.1_1,UGA.15.1_1,13.0,0
UGA.57.1_1,UGA.15.2_1,7.0,0
UGA.57.1_1,UGA.42.2_1,34.0,0
UGA.57.1_1,UGA.23.2_1,68.0,0
UGA.57.1_1,UGA.35.3_1,56.0,0
UGA.57.1_1,UGA.34.3_1,61.0,0
UGA.57.1_1,UGA.11.3_1,64.0,0
UGA.57.1_1,UGA.11.2_1,15.0,0
UGA.57.1_1,UGA.44.2_1,26.0,0
UGA.57.1_1,UGA.17.4_1,37.0,0
UGA.57.1_1,UGA.35.1_1,36.0,0
UGA.57.1_1,UGA.35.4_1,22.0,0
UGA.57.1_1,UGA.11.1_1,35.0,0
UGA.57.1_1,UGA.23.1_1,25.0,0
UGA.57.1_1,UGA.32.1_1,25.0,0
UGA.57.1_1,UGA.25.1_1,80.0,0
UGA.57.1_1,UGA.17.2_1,58.0,0
UGA.57.1_1,UGA.35.2_1,73.0,0
UGA.57.1_1,UGA.53.2_1,35.0,0
UGA.57.1_1,UGA.43.2_1,79.0,0
UGA.57.1_1,UGA.46.1_1,30.0,0
UGA.57.1_1,UGA.10.4_1,36.0,0
UGA.57.1_1,UGA.37.1_1,56.0,0
UGA.57.1_1,UGA.10.3_1,53.0,0
UGA.57.1_1,UGA.51.4_1,13.0,0
UGA.57.1_1,UGA.17.1_1,44.0,0
UGA.57.1_1,UGA.53.1_1,2.0,0
UGA.57.1_1,UGA.10.1_1,15.0,0
UGA.57.1_1,UGA.24.1_1,35.0,0
UGA.57.1_1,UGA.51.1_1,2.0,0
UGA.57.1_1,UGA.17.3_1,26.0,0
UGA.57.1_1,UGA.33.3_1,8.0,0
UGA.57.1_1,UGA.30.1_1,29.0,0
UGA.57.1_1,UGA.4.1_1,55.0,0
UGA.57.1_1,UGA.10.2_1,23.0,0
UGA.57.1_1,UGA.24.3_1,8.0,0
UGA.57.1_1,UGA.51.3_1,21.0,0
UGA.57.1_1,UGA.55.1_1,6.0,0
UGA.57.1_1,UGA.51.2_1,6.0,0
UGA.57.1_1,UGA.36.3_1,14.0,0
UGA.57.1_1,UGA.36.2_1,5.0,0
UGA.57.1_1,UGA.50.4_1,23.0,0
UGA.57.1_1,UGA.2.3_1,16.0,0
UGA.57.1_1,UGA.14.1_1,3.0,0
UGA.57.1_1,UGA.50.3_1,10.0,0
UGA.57.1_1,UGA.39.7_1,15.0,0
UGA.57.1_1,UGA.7.1_1,20.0,0
UGA.57.1_1,UGA.39.5_1,9.0,0
UGA.57.1_1,UGA.9.1_1,13.0,0
UGA.57.1_1,UGA.56.1_1,11.0,0
UGA.57.1_1,UGA.55.2_1,7.0,0
UGA.57.1_1,UGA.2.2_1,8.0,0
UGA.57.1_1,UGA.9.2_1,12.0,0
UGA.57.1_1,UGA.56.2_1,13.0,0
UGA.57.1_1,UGA.24.2_1,23.0,0
UGA.57.1_1,UGA.50.1_1,6.0,0
UGA.57.1_1,UGA.30.2_1,28.0,0
UGA.57.1_1,UGA.33.1_1,8.0,0
UGA.57.1_1,UGA.50.2_1,6.0,0
UGA.57.1_1,UGA.36.4_1,16.0,0
UGA.57.1_1,UGA.14.2_1,2.0,0
UGA.57.1_1,UGA.29.3_1,3.0,0
UGA.57.1_1,UGA.39.1_1,17.0,0
UGA.57.1_1,UGA.56.3_1,1.0,0
UGA.57.1_1,UGA.56.4_1,15.0,0
UGA.57.1_1,UGA.18.1_1,7.0,0
UGA.57.1_1,UGA.55.3_1,1.0,0
UGA.57.1_1,UGA.36.1_1,6.0,0
UGA.57.1_1,UGA.55.4_1,10.0,0
UGA.57.1_1,UGA.39.2_1,7.0,0
UGA.57.1_1,UGA.38.2_1,11.0,0
UGA.57.1_1,UGA.39.4_1,6.0,0
UGA.57.1_1,UGA.38.4_1,2.0,0
UGA.57.1_1,UGA.29.2_1,10.0,0
UGA.57.1_1,UGA.39.6_1,2.0,0
UGA.57.1_1,UGA.33.4_1,4.0,0
UGA.57.1_1,UGA.39.3_1,10.0,0
UGA.57.1_1,UGA.29.1_1,4.0,0
UGA.57.1_1,UGA.2.1_1,6.0,0
UGA.57.1_1,UGA.38.1_1,11.0,0
UGA.57.1_1,UGA.18.2_1,4.0,0
UGA.57.1_1,UGA.2.4_1,15.0,0
UGA.57.1_1,UGA.13.2_1,6.0,0
UGA.57.1_1,UGA.33.2_1,5.0,0
UGA.57.1_1,UGA.54.1_1,9.0,0
UGA.57.1_1,UGA.22.1_1,4.0,0
UGA.57.1_1,UGA.6.1_1,3.0,0
UGA.57.1_1,UGA.38.3_1,6.0,0
UGA.57.1_1,UGA.39.8_1,3.0,0
UGA.57.1_1,UGA.33.5_1,2.0,0
UGA.57.1_1,UGA.5.2_1,1.0,0
UGA.57.1_1,UGA.13.1_1,5.0,0
UGA.57.1_1,UGA.54.2_1,1.0,0
UGA.57.1_1,UGA.6.5_1,5.0,0
UGA.57.1_1,UGA.8.4_1,2.0,0
UGA.57.1_1,UGA.22.3_1,5.0,0
UGA.57.1_1,UGA.21.2_1,4.0,0
UGA.57.1_1,UGA.22.2_1,2.0,0
UGA.57.1_1,UGA.48.2_1,6.0,0
UGA.57.1_1,UGA.5.1_1,1.0,0
UGA.57.1_1,UGA.8.5_1,6.0,0
UGA.57.1_1,UGA.33.6_1,1.0,0
UGA.57.1_1,UGA.6.3_1,7.0,0
UGA.57.1_1,UGA.6.2_1,4.0,0
UGA.57.1_1,UGA.20.2_1,2.0,0
UGA.57.1_1,UGA.47.3_1,5.0,0
UGA.57.1_1,UGA.8.2_1,3.0,0
UGA.57.1_1,UGA.20.1_1,2.0,0
UGA.57.1_1,UGA.48.1_1,3.0,0
UGA.57.1_1,UGA.6.4_1,3.0,0
UGA.57.1_1,UGA.21.1_1,9.0,0
UGA.57.1_1,UGA.45.1_1,3.0,0
UGA.57.1_1,UGA.49.2_1,6.0,0
UGA.57.1_1,UGA.47.2_1,12.0,0
UGA.57.1_1,UGA.8.1_1,3.0,0
UGA.57.1_1,UGA.52.1_1,3.0,0
UGA.57.1_1,UGA.52.2_1,1.0,0
UGA.57.1_1,UGA.12.4_1,2.0,0
UGA.57.1_1,UGA.49.1_1,5.0,0
UGA.57.1_1,UGA.8.3_1,5.0,0
UGA.57.1_1,UGA.28.3_1,2.0,0
UGA.57.1_1,UGA.3.4_1,3.0,0
UGA.57.1_1,UGA.45.2_1,1.0,0
UGA.57.1_1,UGA.12.1_1,1.0,0
UGA.57.1_1,UGA.12.2_1,2.0,0
UGA.57.1_1,UGA.19.1_1,3.0,0
UGA.57.1_1,UGA.12.3_1,3.0,0
UGA.57.1_1,UGA.3.7_1,1.0,0
UGA.57.1_1,UGA.1.1_1,2.0,0
UGA.57.1_1,UGA.26.1_1,4.0,0
UGA.57.1_1,UGA.3.2_1,2.0,0
UGA.57.1_1,UGA.3.6_1,5.0,0
UGA.57.1_1,UGA.28.2_1,1.0,0
UGA.57.1_1,UGA.41.1_1,1.0,0
UGA.57.1_1,UGA.27.1_1,1.0,0
UGA.57.1_1,UGA.40.2_1,1.0,0
UGA.57.1_1,UGA.41.2_1,3.0,0
UGA.57.1_1,UGA.58.1_1,7.0,0
UGA.57.1_1,UGA.3.3_1,3.0,0
UGA.57.2_1,UGA.57.1_1,969.0,0
UGA.57.2_1,UGA.42.3_1,14.0,0
UGA.57.2_1,UGA.16.1_1,24.0,0
UGA.57.2_1,UGA.44.3_1,4.0,0
UGA.57.2_1,UGA.42.1_1,1.0,0
UGA.57.2_1,UGA.57.3_1,7.0,0
UGA.57.2_1,UGA.43.1_1,3.0,0
UGA.57.2_1,UGA.43.4_1,1.0,0
UGA.57.2_1,UGA.44.1_1,1.0,0
UGA.57.2_1,UGA.44.4_1,1.0,0
UGA.57.2_1,UGA.34.2_1,2.0,0
UGA.57.2_1,UGA.44.2_1,1.0,0
UGA.57.2_1,UGA.34.1_1,1.0,0
UGA.57.2_1,UGA.35.2_1,1.0,0
UGA.57.2_1,UGA.17.4_1,1.0,0
UGA.57.2_1,UGA.10.3_1,1.0,0
UGA.57.2_1,UGA.46.1_1,1.0,0
UGA.57.2_1,UGA.17.1_1,1.0,0
UGA.57.2_1,UGA.4.1_1,1.0,0
UGA.57.2_1,UGA.56.1_1,1.0,0
UGA.57.2_1,UGA.2.2_1,2.0,0
UGA.57.2_1,UGA.39.6_1,1.0,0
UGA.57.2_1,UGA.29.1_1,1.0,0
UGA.57.2_1,UGA.5.1_1,1.0,0
UGA.57.3_1,UGA.16.1_1,9184.0,0
UGA.57.3_1,UGA.57.1_1,2420.0,0
UGA.57.3_1,UGA.44.3_1,650.0,0
UGA.57.3_1,UGA.44.4_1,262.0,0
UGA.57.3_1,UGA.34.2_1,353.0,0
UGA.57.3_1,UGA.57.2_1,87.0,0
UGA.57.3_1,UGA.34.1_1,180.0,0
UGA.57.3_1,UGA.44.1_1,348.0,0
UGA.57.3_1,UGA.23.2_1,196.0,0
UGA.57.3_1,UGA.43.4_1,115.0,0
UGA.57.3_1,UGA.42.3_1,185.0,0
UGA.57.3_1,UGA.43.1_1,52.0,0
UGA.57.3_1,UGA.42.1_1,60.0,0
UGA.57.3_1,UGA.11.3_1,120.0,0
UGA.57.3_1,UGA.11.2_1,46.0,0
UGA.57.3_1,UGA.17.4_1,87.0,0
UGA.57.3_1,UGA.23.1_1,62.0,0
UGA.57.3_1,UGA.11.1_1,93.0,0
UGA.57.3_1,UGA.34.3_1,103.0,0
UGA.57.3_1,UGA.44.2_1,35.0,0
UGA.57.3_1,UGA.17.2_1,149.0,0
UGA.57.3_1,UGA.43.3_1,107.0,0
UGA.57.3_1,UGA.15.2_1,13.0,0
UGA.57.3_1,UGA.10.4_1,100.0,0
UGA.57.3_1,UGA.15.1_1,8.0,0
UGA.57.3_1,UGA.42.2_1,55.0,0
UGA.57.3_1,UGA.46.1_1,58.0,0
UGA.57.3_1,UGA.37.1_1,150.0,0
UGA.57.3_1,UGA.35.3_1,49.0,0
UGA.57.3_1,UGA.10.3_1,93.0,0
UGA.57.3_1,UGA.32.1_1,31.0,0
UGA.57.3_1,UGA.25.1_1,83.0,0
UGA.57.3_1,UGA.17.1_1,73.0,0
UGA.57.3_1,UGA.10.1_1,43.0,0
UGA.57.3_1,UGA.35.1_1,30.0,0
UGA.57.3_1,UGA.17.3_1,43.0,0
UGA.57.3_1,UGA.35.4_1,20.0,0
UGA.57.3_1,UGA.10.2_1,56.0,0
UGA.57.3_1,UGA.33.3_1,26.0,0
UGA.57.3_1,UGA.43.2_1,69.0,0
UGA.57.3_1,UGA.4.1_1,94.0,0
UGA.57.3_1,UGA.55.1_1,20.0,0
UGA.57.3_1,UGA.53.2_1,30.0,0
UGA.57.3_1,UGA.35.2_1,65.0,0
UGA.57.3_1,UGA.50.4_1,33.0,0
UGA.57.3_1,UGA.14.1_1,13.0,0
UGA.57.3_1,UGA.50.3_1,27.0,0
UGA.57.3_1,UGA.24.1_1,30.0,0
UGA.57.3_1,UGA.55.2_1,19.0,0
UGA.57.3_1,UGA.56.1_1,31.0,0
UGA.57.3_1,UGA.7.1_1,46.0,0
UGA.57.3_1,UGA.2.3_1,29.0,0
UGA.57.3_1,UGA.51.4_1,11.0,0
UGA.57.3_1,UGA.53.1_1,7.0,0
UGA.57.3_1,UGA.36.3_1,16.0,0
UGA.57.3_1,UGA.56.2_1,32.0,0
UGA.57.3_1,UGA.2.2_1,14.0,0
UGA.57.3_1,UGA.51.1_1,15.0,0
UGA.57.3_1,UGA.36.2_1,4.0,0
UGA.57.3_1,UGA.50.1_1,24.0,0
UGA.57.3_1,UGA.24.3_1,10.0,0
UGA.57.3_1,UGA.50.2_1,19.0,0
UGA.57.3_1,UGA.30.1_1,36.0,0
UGA.57.3_1,UGA.33.1_1,15.0,0
UGA.57.3_1,UGA.29.3_1,12.0,0
UGA.57.3_1,UGA.14.2_1,13.0,0
UGA.57.3_1,UGA.56.4_1,19.0,0
UGA.57.3_1,UGA.55.3_1,8.0,0
UGA.57.3_1,UGA.9.1_1,23.0,0
UGA.57.3_1,UGA.55.4_1,16.0,0
UGA.57.3_1,UGA.51.3_1,13.0,0
UGA.57.3_1,UGA.51.2_1,13.0,0
UGA.57.3_1,UGA.36.4_1,23.0,0
UGA.57.3_1,UGA.38.2_1,23.0,0
UGA.57.3_1,UGA.38.4_1,4.0,0
UGA.57.3_1,UGA.29.2_1,12.0,0
UGA.57.3_1,UGA.9.2_1,19.0,0
UGA.57.3_1,UGA.29.1_1,8.0,0
UGA.57.3_1,UGA.38.1_1,15.0,0
UGA.57.3_1,UGA.39.5_1,10.0,0
UGA.57.3_1,UGA.24.2_1,22.0,0
UGA.57.3_1,UGA.33.4_1,1.0,0
UGA.57.3_1,UGA.39.7_1,4.0,0
UGA.57.3_1,UGA.2.1_1,14.0,0
UGA.57.3_1,UGA.36.1_1,5.0,0
UGA.57.3_1,UGA.54.1_1,7.0,0
UGA.57.3_1,UGA.22.1_1,7.0,0
UGA.57.3_1,UGA.33.2_1,12.0,0
UGA.57.3_1,UGA.38.3_1,8.0,0
UGA.57.3_1,UGA.30.2_1,16.0,0
UGA.57.3_1,UGA.2.4_1,20.0,0
UGA.57.3_1,UGA.33.5_1,8.0,0
UGA.57.3_1,UGA.54.2_1,2.0,0
UGA.57.3_1,UGA.54.3_1,1.0,0
UGA.57.3_1,UGA.18.1_1,6.0,0
UGA.57.3_1,UGA.39.1_1,14.0,0
UGA.57.3_1,UGA.20.3_1,5.0,0
UGA.57.3_1,UGA.22.3_1,6.0,0
UGA.57.3_1,UGA.22.2_1,7.0,0
UGA.57.3_1,UGA.39.2_1,5.0,0
UGA.57.3_1,UGA.39.4_1,5.0,0
UGA.57.3_1,UGA.33.6_1,3.0,0
UGA.57.3_1,UGA.39.6_1,3.0,0
UGA.57.3_1,UGA.8.4_1,10.0,0
UGA.57.3_1,UGA.8.5_1,7.0,0
UGA.57.3_1,UGA.20.2_1,2.0,0
UGA.57.3_1,UGA.13.2_1,4.0,0
UGA.57.3_1,UGA.39.3_1,8.0,0
UGA.57.3_1,UGA.20.1_1,4.0,0
UGA.57.3_1,UGA.18.2_1,2.0,0
UGA.57.3_1,UGA.5.2_1,4.0,0
UGA.57.3_1,UGA.13.3_1,1.0,0
UGA.57.3_1,UGA.6.1_1,6.0,0
UGA.57.3_1,UGA.8.2_1,6.0,0
UGA.57.3_1,UGA.39.8_1,5.0,0
UGA.57.3_1,UGA.47.1_1,3.0,0
UGA.57.3_1,UGA.45.1_1,4.0,0
UGA.57.3_1,UGA.13.1_1,3.0,0
UGA.57.3_1,UGA.47.3_1,7.0,0
UGA.57.3_1,UGA.6.5_1,4.0,0
UGA.57.3_1,UGA.49.2_1,3.0,0
UGA.57.3_1,UGA.21.2_1,15.0,0
UGA.57.3_1,UGA.5.1_1,6.0,0
UGA.57.3_1,UGA.8.1_1,2.0,0
UGA.57.3_1,UGA.40.1_1,3.0,0
UGA.57.3_1,UGA.48.2_1,9.0,0
UGA.57.3_1,UGA.28.3_1,4.0,0
UGA.57.3_1,UGA.49.1_1,3.0,0
UGA.57.3_1,UGA.6.3_1,3.0,0
UGA.57.3_1,UGA.6.2_1,5.0,0
UGA.57.3_1,UGA.47.2_1,4.0,0
UGA.57.3_1,UGA.45.3_1,1.0,0
UGA.57.3_1,UGA.8.3_1,4.0,0
UGA.57.3_1,UGA.48.1_1,1.0,0
UGA.57.3_1,UGA.21.1_1,9.0,0
UGA.57.3_1,UGA.3.4_1,1.0,0
UGA.57.3_1,UGA.6.4_1,3.0,0
UGA.57.3_1,UGA.48.3_1,6.0,0
UGA.57.3_1,UGA.3.7_1,2.0,0
UGA.57.3_1,UGA.1.1_1,6.0,0
UGA.57.3_1,UGA.52.1_1,4.0,0
UGA.57.3_1,UGA.52.2_1,4.0,0
UGA.57.3_1,UGA.12.4_1,5.0,0
UGA.57.3_1,UGA.28.2_1,4.0,0
UGA.57.3_1,UGA.40.2_1,4.0,0
UGA.57.3_1,UGA.27.1_1,8.0,0
UGA.57.3_1,UGA.3.1_1,3.0,0
UGA.57.3_1,UGA.3.6_1,4.0,0
UGA.57.3_1,UGA.3.2_1,6.0,0
UGA.57.3_1,UGA.12.2_1,2.0,0
UGA.57.3_1,UGA.19.1_1,4.0,0
UGA.57.3_1,UGA.12.3_1,5.0,0
UGA.57.3_1,UGA.3.5_1,4.0,0
UGA.57.3_1,UGA.26.1_1,7.0,0
UGA.57.3_1,UGA.58.1_1,10.0,0
UGA.57.3_1,UGA.3.3_1,2.0,0
UGA.57.3_1,UGA.28.1_1,4.0,0
UGA.58.1_1,UGA.3.3_1,2071.0,0
UGA.58.1_1,UGA.41.1_1,218.0,0
UGA.58.1_1,UGA.3.6_1,1022.0,0
UGA.58.1_1,UGA.3.5_1,560.0,0
UGA.58.1_1,UGA.41.2_1,202.0,0
UGA.58.1_1,UGA.1.1_1,514.0,0
UGA.58.1_1,UGA.3.2_1,371.0,0
UGA.58.1_1,UGA.3.1_1,84.0,0
UGA.58.1_1,UGA.3.4_1,160.0,0
UGA.58.1_1,UGA.3.7_1,120.0,0
UGA.58.1_1,UGA.8.3_1,145.0,0
UGA.58.1_1,UGA.47.1_1,137.0,0
UGA.58.1_1,UGA.47.2_1,161.0,0
UGA.58.1_1,UGA.47.3_1,114.0,0
UGA.58.1_1,UGA.8.4_1,104.0,0
UGA.58.1_1,UGA.8.1_1,64.0,0
UGA.58.1_1,UGA.8.2_1,59.0,0
UGA.58.1_1,UGA.27.2_1,52.0,0
UGA.58.1_1,UGA.8.5_1,65.0,0
UGA.58.1_1,UGA.36.1_1,37.0,0
UGA.58.1_1,UGA.36.4_1,79.0,0
UGA.58.1_1,UGA.2.4_1,101.0,0
UGA.58.1_1,UGA.49.2_1,32.0,0
UGA.58.1_1,UGA.36.3_1,39.0,0
UGA.58.1_1,UGA.36.2_1,6.0,0
UGA.58.1_1,UGA.2.1_1,45.0,0
UGA.58.1_1,UGA.31.1_1,2.0,0
UGA.58.1_1,UGA.27.1_1,36.0,0
UGA.58.1_1,UGA.2.3_1,23.0,0
UGA.58.1_1,UGA.9.1_1,36.0,0
UGA.58.1_1,UGA.33.4_1,7.0,0
UGA.58.1_1,UGA.33.2_1,41.0,0
UGA.58.1_1,UGA.49.1_1,17.0,0
UGA.58.1_1,UGA.2.2_1,23.0,0
UGA.58.1_1,UGA.9.2_1,21.0,0
UGA.58.1_1,UGA.33.6_1,8.0,0
UGA.58.1_1,UGA.33.5_1,21.0,0
UGA.58.1_1,UGA.33.1_1,22.0,0
UGA.58.1_1,UGA.33.3_1,18.0,0
UGA.58.1_1,UGA.46.1_1,15.0,0
UGA.58.1_1,UGA.24.1_1,24.0,0
UGA.58.1_1,UGA.25.1_1,16.0,0
UGA.58.1_1,UGA.24.2_1,19.0,0
UGA.58.1_1,UGA.28.3_1,6.0,0
UGA.58.1_1,UGA.14.1_1,7.0,0
UGA.58.1_1,UGA.34.3_1,8.0,0
UGA.58.1_1,UGA.14.2_1,3.0,0
UGA.58.1_1,UGA.5.2_1,2.0,0
UGA.58.1_1,UGA.24.3_1,6.0,0
UGA.58.1_1,UGA.28.2_1,9.0,0
UGA.58.1_1,UGA.28.1_1,3.0,0
UGA.58.1_1,UGA.22.2_1,5.0,0
UGA.58.1_1,UGA.22.1_1,8.0,0
UGA.58.1_1,UGA.55.1_1,8.0,0
UGA.58.1_1,UGA.23.1_1,8.0,0
UGA.58.1_1,UGA.55.4_1,9.0,0
UGA.58.1_1,UGA.17.1_1,7.0,0
UGA.58.1_1,UGA.55.3_1,3.0,0
UGA.58.1_1,UGA.30.2_1,16.0,0
UGA.58.1_1,UGA.34.2_1,14.0,0
UGA.58.1_1,UGA.34.1_1,3.0,0
UGA.58.1_1,UGA.43.3_1,6.0,0
UGA.58.1_1,UGA.43.2_1,11.0,0
UGA.58.1_1,UGA.55.2_1,7.0,0
UGA.58.1_1,UGA.13.3_1,3.0,0
UGA.58.1_1,UGA.13.2_1,5.0,0
UGA.58.1_1,UGA.5.1_1,7.0,0
UGA.58.1_1,UGA.30.1_1,7.0,0
UGA.58.1_1,UGA.17.2_1,4.0,0
UGA.58.1_1,UGA.43.4_1,2.0,0
UGA.58.1_1,UGA.40.1_1,3.0,0
UGA.58.1_1,UGA.22.3_1,3.0,0
UGA.58.1_1,UGA.29.3_1,1.0,0
UGA.58.1_1,UGA.13.1_1,1.0,0
UGA.58.1_1,UGA.23.2_1,4.0,0
UGA.58.1_1,UGA.17.3_1,2.0,0
UGA.58.1_1,UGA.50.4_1,4.0,0
UGA.58.1_1,UGA.18.1_1,3.0,0
UGA.58.1_1,UGA.43.1_1,1.0,0
UGA.58.1_1,UGA.17.4_1,8.0,0
UGA.58.1_1,UGA.44.4_1,5.0,0
UGA.58.1_1,UGA.57.3_1,22.0,0
UGA.58.1_1,UGA.42.2_1,2.0,0
UGA.58.1_1,UGA.29.2_1,1.0,0
UGA.58.1_1,UGA.10.4_1,2.0,0
UGA.58.1_1,UGA.57.1_1,12.0,0
UGA.58.1_1,UGA.16.1_1,18.0,0
UGA.58.1_1,UGA.42.1_1,1.0,0
UGA.58.1_1,UGA.39.5_1,1.0,0
UGA.58.1_1,UGA.50.3_1,1.0,0
UGA.58.1_1,UGA.42.3_1,4.0,0
UGA.58.1_1,UGA.10.3_1,2.0,0
UGA.58.1_1,UGA.29.1_1,4.0,0
UGA.58.1_1,UGA.44.3_1,2.0,0
UGA.58.1_1,UGA.10.2_1,1.0,0
UGA.58.1_1,UGA.11.1_1,1.0,0
UGA.58.1_1,UGA.21.2_1,4.0,0
UGA.58.1_1,UGA.53.2_1,2.0,0
UGA.58.1_1,UGA.11.2_1,2.0,0
UGA.58.1_1,UGA.44.1_1,2.0,0
UGA.58.1_1,UGA.50.1_1,2.0,0
UGA.58.1_1,UGA.39.2_1,2.0,0
UGA.58.1_1,UGA.45.1_1,1.0,0
UGA.58.1_1,UGA.10.1_1,1.0,0
UGA.58.1_1,UGA.56.1_1,2.0,0
UGA.58.1_1,UGA.51.1_1,1.0,0
UGA.58.1_1,UGA.21.1_1,2.0,0
UGA.58.1_1,UGA.54.1_1,3.0,0
UGA.58.1_1,UGA.38.2_1,1.0,0
UGA.58.1_1,UGA.37.1_1,2.0,0
UGA.58.1_1,UGA.39.7_1,1.0,0
UGA.58.1_1,UGA.56.2_1,3.0,0
UGA.58.1_1,UGA.54.3_1,1.0,0
UGA.58.1_1,UGA.35.2_1,2.0,0
UGA.58.1_1,UGA.45.3_1,4.0,0
UGA.58.1_1,UGA.4.1_1,3.0,0
UGA.58.1_1,UGA.56.4_1,2.0,0
UGA.58.1_1,UGA.38.1_1,1.0,0
UGA.58.1_1,UGA.20.1_1,1.0,0
UGA.58.1_1,UGA.15.2_1,1.0,0
UGA.58.1_1,UGA.51.3_1,3.0,0
UGA.58.1_1,UGA.6.5_1,1.0,0
UGA.58.1_1,UGA.39.3_1,1.0,0
UGA.58.1_1,UGA.39.1_1,1.0,0
UGA.58.1_1,UGA.48.1_1,2.0,0
UGA.58.1_1,UGA.48.2_1,4.0,0
UGA.58.1_1,UGA.52.2_1,2.0,0
UGA.58.1_1,UGA.12.3_1,1.0,0
UGA.10.3_1,UGA.10.4_1,1821.0,0
UGA.10.3_1,UGA.10.1_1,614.0,0
UGA.10.3_1,UGA.10.2_1,512.0,0
UGA.10.3_1,UGA.11.1_1,208.0,0
UGA.10.3_1,UGA.11.3_1,180.0,0
UGA.10.3_1,UGA.17.3_1,161.0,0
UGA.10.3_1,UGA.17.4_1,85.0,0
UGA.10.3_1,UGA.37.1_1,139.0,0
UGA.10.3_1,UGA.11.2_1,18.0,0
UGA.10.3_1,UGA.4.1_1,141.0,0
UGA.10.3_1,UGA.50.3_1,40.0,0
UGA.10.3_1,UGA.17.2_1,49.0,0
UGA.10.3_1,UGA.56.1_1,21.0,0
UGA.10.3_1,UGA.23.2_1,21.0,0
UGA.10.3_1,UGA.50.4_1,19.0,0
UGA.10.3_1,UGA.56.2_1,30.0,0
UGA.10.3_1,UGA.44.2_1,7.0,0
UGA.10.3_1,UGA.44.1_1,26.0,0
UGA.10.3_1,UGA.50.1_1,12.0,0
UGA.10.3_1,UGA.7.1_1,16.0,0
UGA.10.3_1,UGA.17.1_1,20.0,0
UGA.10.3_1,UGA.44.4_1,6.0,0
UGA.10.3_1,UGA.50.2_1,4.0,0
UGA.10.3_1,UGA.56.3_1,1.0,0
UGA.10.3_1,UGA.56.4_1,6.0,0
UGA.10.3_1,UGA.23.1_1,4.0,0
UGA.10.3_1,UGA.55.2_1,8.0,0
UGA.10.3_1,UGA.38.2_1,11.0,0
UGA.10.3_1,UGA.38.4_1,1.0,0
UGA.10.3_1,UGA.55.1_1,4.0,0
UGA.10.3_1,UGA.34.1_1,3.0,0
UGA.10.3_1,UGA.29.3_1,5.0,0
UGA.10.3_1,UGA.44.3_1,12.0,0
UGA.10.3_1,UGA.38.1_1,12.0,0
UGA.10.3_1,UGA.29.2_1,4.0,0
UGA.10.3_1,UGA.29.1_1,3.0,0
UGA.10.3_1,UGA.54.1_1,4.0,0
UGA.10.3_1,UGA.57.3_1,12.0,0
UGA.10.3_1,UGA.38.3_1,2.0,0
UGA.10.3_1,UGA.16.1_1,17.0,0
UGA.10.3_1,UGA.55.3_1,1.0,0
UGA.10.3_1,UGA.34.2_1,1.0,0
UGA.10.3_1,UGA.14.1_1,1.0,0
UGA.10.3_1,UGA.33.3_1,2.0,0
UGA.10.3_1,UGA.57.1_1,9.0,0
UGA.10.3_1,UGA.46.1_1,1.0,0
UGA.10.3_1,UGA.32.1_1,2.0,0
UGA.10.3_1,UGA.20.2_1,1.0,0
UGA.10.3_1,UGA.22.3_1,1.0,0
UGA.10.3_1,UGA.20.1_1,2.0,0
UGA.10.3_1,UGA.34.3_1,2.0,0
UGA.10.3_1,UGA.43.4_1,2.0,0
UGA.10.3_1,UGA.42.3_1,1.0,0
UGA.10.3_1,UGA.22.2_1,2.0,0
UGA.10.3_1,UGA.33.5_1,1.0,0
UGA.10.3_1,UGA.33.2_1,2.0,0
UGA.10.3_1,UGA.25.1_1,1.0,0
UGA.10.3_1,UGA.33.6_1,2.0,0
UGA.10.3_1,UGA.40.1_1,3.0,0
UGA.10.3_1,UGA.35.3_1,1.0,0
UGA.10.3_1,UGA.36.4_1,1.0,0
UGA.10.3_1,UGA.35.1_1,1.0,0
UGA.10.3_1,UGA.43.2_1,2.0,0
UGA.10.3_1,UGA.35.2_1,1.0,0
UGA.10.3_1,UGA.49.1_1,1.0,0
UGA.10.3_1,UGA.53.2_1,1.0,0
UGA.10.3_1,UGA.49.2_1,1.0,0
UGA.10.3_1,UGA.9.1_1,1.0,0
UGA.10.3_1,UGA.51.4_1,1.0,0
UGA.10.3_1,UGA.30.1_1,1.0,0
UGA.10.3_1,UGA.9.2_1,1.0,0
UGA.10.3_1,UGA.24.2_1,2.0,0
UGA.10.3_1,UGA.47.1_1,1.0,0
UGA.10.3_1,UGA.30.2_1,1.0,0
UGA.10.3_1,UGA.28.1_1,1.0,0
UGA.10.3_1,UGA.39.1_1,1.0,0
UGA.10.3_1,UGA.47.2_1,1.0,0
UGA.10.3_1,UGA.41.2_1,1.0,0
UGA.10.3_1,UGA.6.5_1,1.0,0
UGA.10.3_1,UGA.3.2_1,1.0,0
UGA.10.3_1,UGA.21.2_1,1.0,0
UGA.10.3_1,UGA.48.2_1,1.0,0
UGA.10.3_1,UGA.6.3_1,2.0,0
UGA.10.3_1,UGA.6.2_1,1.0,0
UGA.10.3_1,UGA.3.3_1,1.0,0
UGA.10.4_1,UGA.10.3_1,1795.0,0
UGA.10.4_1,UGA.17.4_1,286.0,0
UGA.10.4_1,UGA.11.3_1,198.0,0
UGA.10.4_1,UGA.11.1_1,123.0,0
UGA.10.4_1,UGA.17.3_1,113.0,0
UGA.10.4_1,UGA.17.2_1,87.0,0
UGA.10.4_1,UGA.10.1_1,37.0,0
UGA.10.4_1,UGA.10.2_1,48.0,0
UGA.10.4_1,UGA.23.2_1,38.0,0
UGA.10.4_1,UGA.11.2_1,9.0,0
UGA.10.4_1,UGA.37.1_1,48.0,0
UGA.10.4_1,UGA.17.1_1,22.0,0
UGA.10.4_1,UGA.50.3_1,11.0,0
UGA.10.4_1,UGA.50.4_1,14.0,0
UGA.10.4_1,UGA.44.4_1,5.0,0
UGA.10.4_1,UGA.23.1_1,8.0,0
UGA.10.4_1,UGA.44.1_1,24.0,0
UGA.10.4_1,UGA.4.1_1,18.0,0
UGA.10.4_1,UGA.56.1_1,6.0,0
UGA.10.4_1,UGA.44.2_1,2.0,0
UGA.10.4_1,UGA.34.1_1,7.0,0
UGA.10.4_1,UGA.55.1_1,4.0,0
UGA.10.4_1,UGA.56.2_1,6.0,0
UGA.10.4_1,UGA.50.1_1,3.0,0
UGA.10.4_1,UGA.55.2_1,4.0,0
UGA.10.4_1,UGA.7.1_1,5.0,0
UGA.10.4_1,UGA.44.3_1,5.0,0
UGA.10.4_1,UGA.29.3_1,1.0,0
UGA.10.4_1,UGA.57.3_1,17.0,0
UGA.10.4_1,UGA.56.4_1,3.0,0
UGA.10.4_1,UGA.38.4_1,1.0,0
UGA.10.4_1,UGA.38.2_1,4.0,0
UGA.10.4_1,UGA.16.1_1,8.0,0
UGA.10.4_1,UGA.29.2_1,1.0,0
UGA.10.4_1,UGA.55.4_1,1.0,0
UGA.10.4_1,UGA.38.1_1,2.0,0
UGA.10.4_1,UGA.33.3_1,2.0,0
UGA.10.4_1,UGA.14.2_1,1.0,0
UGA.10.4_1,UGA.54.1_1,1.0,0
UGA.10.4_1,UGA.57.1_1,1.0,0
UGA.10.4_1,UGA.38.3_1,1.0,0
UGA.10.4_1,UGA.33.1_1,1.0,0
UGA.10.4_1,UGA.54.2_1,2.0,0
UGA.10.4_1,UGA.2.2_1,2.0,0
UGA.10.4_1,UGA.32.1_1,1.0,0
UGA.10.4_1,UGA.43.4_1,1.0,0
UGA.10.4_1,UGA.22.3_1,1.0,0
UGA.10.4_1,UGA.2.3_1,2.0,0
UGA.10.4_1,UGA.33.5_1,1.0,0
UGA.10.4_1,UGA.25.1_1,2.0,0
UGA.10.4_1,UGA.2.1_1,1.0,0
UGA.10.4_1,UGA.33.6_1,1.0,0
UGA.10.4_1,UGA.36.3_1,1.0,0
UGA.10.4_1,UGA.2.4_1,1.0,0
UGA.10.4_1,UGA.40.1_1,1.0,0
UGA.10.4_1,UGA.36.4_1,3.0,0
UGA.10.4_1,UGA.8.5_1,1.0,0
UGA.10.4_1,UGA.35.2_1,1.0,0
UGA.10.4_1,UGA.53.2_1,3.0,0
UGA.10.4_1,UGA.49.2_1,1.0,0
UGA.10.4_1,UGA.51.1_1,1.0,0
UGA.10.4_1,UGA.30.2_1,1.0,0
UGA.10.4_1,UGA.39.1_1,1.0,0
UGA.10.4_1,UGA.39.4_1,1.0,0
UGA.10.4_1,UGA.5.1_1,1.0,0
UGA.10.4_1,UGA.3.5_1,1.0,0
UGA.10.4_1,UGA.52.1_1,1.0,0
UGA.11.1_1,UGA.11.2_1,579.0,0
UGA.11.1_1,UGA.11.3_1,758.0,0
UGA.11.1_1,UGA.10.4_1,313.0,0
UGA.11.1_1,UGA.10.3_1,178.0,0
UGA.11.1_1,UGA.17.4_1,59.0,0
UGA.11.1_1,UGA.37.1_1,97.0,0
UGA.11.1_1,UGA.10.1_1,16.0,0
UGA.11.1_1,UGA.44.1_1,46.0,0
UGA.11.1_1,UGA.23.2_1,10.0,0
UGA.11.1_1,UGA.44.2_1,8.0,0
UGA.11.1_1,UGA.44.4_1,15.0,0
UGA.11.1_1,UGA.17.2_1,22.0,0
UGA.11.1_1,UGA.10.2_1,8.0,0
UGA.11.1_1,UGA.4.1_1,18.0,0
UGA.11.1_1,UGA.17.3_1,4.0,0
UGA.11.1_1,UGA.44.3_1,10.0,0
UGA.11.1_1,UGA.34.1_1,3.0,0
UGA.11.1_1,UGA.57.3_1,16.0,0
UGA.11.1_1,UGA.16.1_1,13.0,0
UGA.11.1_1,UGA.50.3_1,1.0,0
UGA.11.1_1,UGA.17.1_1,2.0,0
UGA.11.1_1,UGA.56.1_1,2.0,0
UGA.11.1_1,UGA.7.1_1,3.0,0
UGA.11.1_1,UGA.56.2_1,1.0,0
UGA.11.1_1,UGA.50.4_1,2.0,0
UGA.11.1_1,UGA.34.2_1,1.0,0
UGA.11.1_1,UGA.57.1_1,11.0,0
UGA.11.1_1,UGA.55.2_1,1.0,0
UGA.11.1_1,UGA.38.2_1,1.0,0
UGA.11.1_1,UGA.38.4_1,1.0,0
UGA.11.1_1,UGA.29.3_1,1.0,0
UGA.11.1_1,UGA.38.1_1,1.0,0
UGA.11.1_1,UGA.29.2_1,1.0,0
UGA.11.1_1,UGA.42.3_1,1.0,0
UGA.11.1_1,UGA.54.1_1,1.0,0
UGA.11.1_1,UGA.43.4_1,2.0,0
UGA.11.1_1,UGA.55.4_1,1.0,0
UGA.11.1_1,UGA.43.3_1,2.0,0
UGA.11.1_1,UGA.2.3_1,2.0,0
UGA.11.1_1,UGA.25.1_1,1.0,0
UGA.11.1_1,UGA.35.3_1,1.0,0
UGA.11.1_1,UGA.36.3_1,1.0,0
UGA.11.1_1,UGA.36.4_1,1.0,0
UGA.11.1_1,UGA.24.2_1,1.0,0
UGA.11.1_1,UGA.18.1_1,1.0,0
UGA.11.1_1,UGA.47.3_1,1.0,0
UGA.11.1_1,UGA.6.3_1,1.0,0
UGA.11.1_1,UGA.6.4_1,1.0,0
UGA.21.1_1,UGA.21.2_1,2223.0,0
UGA.21.1_1,UGA.6.2_1,249.0,0
UGA.21.1_1,UGA.18.2_1,219.0,0
UGA.21.1_1,UGA.13.1_1,170.0,0
UGA.21.1_1,UGA.6.3_1,175.0,0
UGA.21.1_1,UGA.39.2_1,141.0,0
UGA.21.1_1,UGA.5.1_1,81.0,0
UGA.21.1_1,UGA.6.1_1,40.0,0
UGA.21.1_1,UGA.52.1_1,51.0,0
UGA.21.1_1,UGA.6.4_1,39.0,0
UGA.21.1_1,UGA.13.3_1,7.0,0
UGA.21.1_1,UGA.18.1_1,61.0,0
UGA.21.1_1,UGA.13.2_1,41.0,0
UGA.21.1_1,UGA.6.5_1,26.0,0
UGA.21.1_1,UGA.19.1_1,27.0,0
UGA.21.1_1,UGA.39.4_1,18.0,0
UGA.21.1_1,UGA.48.1_1,14.0,0
UGA.21.1_1,UGA.39.5_1,15.0,0
UGA.21.1_1,UGA.52.2_1,19.0,0
UGA.21.1_1,UGA.30.2_1,30.0,0
UGA.21.1_1,UGA.39.8_1,8.0,0
UGA.21.1_1,UGA.5.2_1,4.0,0
UGA.21.1_1,UGA.39.6_1,6.0,0
UGA.21.1_1,UGA.48.2_1,18.0,0
UGA.21.1_1,UGA.39.7_1,8.0,0
UGA.21.1_1,UGA.48.3_1,3.0,0
UGA.21.1_1,UGA.30.1_1,14.0,0
UGA.21.1_1,UGA.12.4_1,4.0,0
UGA.21.1_1,UGA.39.3_1,12.0,0
UGA.21.1_1,UGA.12.3_1,9.0,0
UGA.21.1_1,UGA.26.1_1,9.0,0
UGA.21.1_1,UGA.53.1_1,2.0,0
UGA.21.1_1,UGA.24.2_1,11.0,0
UGA.21.1_1,UGA.51.1_1,2.0,0
UGA.21.1_1,UGA.12.2_1,4.0,0
UGA.21.1_1,UGA.24.3_1,2.0,0
UGA.21.1_1,UGA.39.1_1,8.0,0
UGA.21.1_1,UGA.43.2_1,5.0,0
UGA.21.1_1,UGA.51.3_1,7.0,0
UGA.21.1_1,UGA.9.2_1,5.0,0
UGA.21.1_1,UGA.24.1_1,2.0,0
UGA.21.1_1,UGA.35.2_1,7.0,0
UGA.21.1_1,UGA.42.2_1,4.0,0
UGA.21.1_1,UGA.51.4_1,2.0,0
UGA.21.1_1,UGA.51.2_1,3.0,0
UGA.21.1_1,UGA.35.4_1,1.0,0
UGA.21.1_1,UGA.9.1_1,4.0,0
UGA.21.1_1,UGA.25.1_1,3.0,0
UGA.21.1_1,UGA.43.1_1,1.0,0
UGA.21.1_1,UGA.43.4_1,3.0,0
UGA.21.1_1,UGA.42.3_1,2.0,0
UGA.21.1_1,UGA.34.3_1,2.0,0
UGA.21.1_1,UGA.57.1_1,8.0,0
UGA.21.1_1,UGA.47.2_1,1.0,0
UGA.21.1_1,UGA.47.3_1,2.0,0
UGA.21.1_1,UGA.34.2_1,1.0,0
UGA.21.1_1,UGA.57.3_1,5.0,0
UGA.21.1_1,UGA.16.1_1,7.0,0
UGA.21.1_1,UGA.47.1_1,1.0,0
UGA.21.1_1,UGA.46.1_1,1.0,0
UGA.21.1_1,UGA.36.4_1,1.0,0
UGA.21.1_1,UGA.44.3_1,2.0,0
UGA.21.1_1,UGA.44.4_1,1.0,0
UGA.21.1_1,UGA.2.3_1,1.0,0
UGA.21.1_1,UGA.32.1_1,1.0,0
UGA.21.1_1,UGA.3.2_1,1.0,0
UGA.21.1_1,UGA.23.2_1,1.0,0
UGA.21.1_1,UGA.44.1_1,2.0,0
UGA.21.1_1,UGA.11.3_1,1.0,0
UGA.21.1_1,UGA.3.6_1,2.0,0
UGA.21.1_1,UGA.17.2_1,2.0,0
UGA.21.1_1,UGA.2.2_1,1.0,0
UGA.21.1_1,UGA.2.4_1,1.0,0
UGA.21.1_1,UGA.17.1_1,1.0,0
UGA.21.1_1,UGA.8.3_1,2.0,0
UGA.21.1_1,UGA.2.1_1,1.0,0
UGA.21.1_1,UGA.37.1_1,2.0,0
UGA.21.1_1,UGA.10.3_1,1.0,0
UGA.21.1_1,UGA.58.1_1,1.0,0
UGA.21.1_1,UGA.33.4_1,1.0,0
UGA.21.1_1,UGA.17.3_1,1.0,0
UGA.21.1_1,UGA.10.1_1,1.0,0
UGA.21.1_1,UGA.29.3_1,1.0,0
UGA.21.1_1,UGA.50.2_1,2.0,0
UGA.21.1_1,UGA.29.2_1,1.0,0
UGA.21.1_1,UGA.27.2_1,1.0,0
UGA.21.1_1,UGA.20.3_1,1.0,0
UGA.21.1_1,UGA.20.1_1,1.0,0
UGA.21.1_1,UGA.40.3_1,1.0,0
UGA.21.2_1,UGA.21.1_1,2103.0,0
UGA.21.2_1,UGA.18.2_1,475.0,0
UGA.21.2_1,UGA.13.1_1,354.0,0
UGA.21.2_1,UGA.6.2_1,201.0,0
UGA.21.2_1,UGA.39.2_1,295.0,0
UGA.21.2_1,UGA.18.1_1,247.0,0
UGA.21.2_1,UGA.13.3_1,20.0,0
UGA.21.2_1,UGA.5.1_1,139.0,0
UGA.21.2_1,UGA.13.2_1,109.0,0
UGA.21.2_1,UGA.6.1_1,45.0,0
UGA.21.2_1,UGA.6.3_1,78.0,0
UGA.21.2_1,UGA.39.5_1,53.0,0
UGA.21.2_1,UGA.6.4_1,40.0,0
UGA.21.2_1,UGA.52.1_1,32.0,0
UGA.21.2_1,UGA.6.5_1,41.0,0
UGA.21.2_1,UGA.30.2_1,68.0,0
UGA.21.2_1,UGA.39.4_1,18.0,0
UGA.21.2_1,UGA.5.2_1,4.0,0
UGA.21.2_1,UGA.39.6_1,6.0,0
UGA.21.2_1,UGA.48.1_1,6.0,0
UGA.21.2_1,UGA.39.8_1,19.0,0
UGA.21.2_1,UGA.39.7_1,20.0,0
UGA.21.2_1,UGA.30.1_1,35.0,0
UGA.21.2_1,UGA.19.1_1,15.0,0
UGA.21.2_1,UGA.52.2_1,10.0,0
UGA.21.2_1,UGA.48.2_1,18.0,0
UGA.21.2_1,UGA.53.1_1,3.0,0
UGA.21.2_1,UGA.24.2_1,18.0,0
UGA.21.2_1,UGA.39.3_1,12.0,0
UGA.21.2_1,UGA.51.1_1,6.0,0
UGA.21.2_1,UGA.48.3_1,9.0,0
UGA.21.2_1,UGA.24.3_1,8.0,0
UGA.21.2_1,UGA.12.4_1,2.0,0
UGA.21.2_1,UGA.12.3_1,5.0,0
UGA.21.2_1,UGA.43.2_1,16.0,0
UGA.21.2_1,UGA.39.1_1,13.0,0
UGA.21.2_1,UGA.53.2_1,9.0,0
UGA.21.2_1,UGA.12.1_1,1.0,0
UGA.21.2_1,UGA.26.1_1,4.0,0
UGA.21.2_1,UGA.51.3_1,6.0,0
UGA.21.2_1,UGA.12.2_1,2.0,0
UGA.21.2_1,UGA.24.1_1,12.0,0
UGA.21.2_1,UGA.9.2_1,5.0,0
UGA.21.2_1,UGA.35.1_1,3.0,0
UGA.21.2_1,UGA.42.2_1,4.0,0
UGA.21.2_1,UGA.35.2_1,9.0,0
UGA.21.2_1,UGA.51.4_1,5.0,0
UGA.21.2_1,UGA.35.4_1,1.0,0
UGA.21.2_1,UGA.43.3_1,1.0,0
UGA.21.2_1,UGA.35.3_1,1.0,0
UGA.21.2_1,UGA.51.2_1,1.0,0
UGA.21.2_1,UGA.9.1_1,4.0,0
UGA.21.2_1,UGA.25.1_1,5.0,0
UGA.21.2_1,UGA.42.1_1,1.0,0
UGA.21.2_1,UGA.43.4_1,3.0,0
UGA.21.2_1,UGA.42.3_1,3.0,0
UGA.21.2_1,UGA.36.2_1,1.0,0
UGA.21.2_1,UGA.34.3_1,3.0,0
UGA.21.2_1,UGA.36.1_1,5.0,0
UGA.21.2_1,UGA.36.3_1,4.0,0
UGA.21.2_1,UGA.57.1_1,16.0,0
UGA.21.2_1,UGA.57.2_1,1.0,0
UGA.21.2_1,UGA.15.2_1,1.0,0
UGA.21.2_1,UGA.34.2_1,2.0,0
UGA.21.2_1,UGA.57.3_1,12.0,0
UGA.21.2_1,UGA.16.1_1,10.0,0
UGA.21.2_1,UGA.47.3_1,1.0,0
UGA.21.2_1,UGA.46.1_1,1.0,0
UGA.21.2_1,UGA.36.4_1,6.0,0
UGA.21.2_1,UGA.44.3_1,2.0,0
UGA.21.2_1,UGA.44.4_1,2.0,0
UGA.21.2_1,UGA.3.7_1,3.0,0
UGA.21.2_1,UGA.2.3_1,1.0,0
UGA.21.2_1,UGA.23.1_1,1.0,0
UGA.21.2_1,UGA.3.4_1,3.0,0
UGA.21.2_1,UGA.32.1_1,3.0,0
UGA.21.2_1,UGA.23.2_1,2.0,0
UGA.21.2_1,UGA.8.4_1,2.0,0
UGA.21.2_1,UGA.3.2_1,2.0,0
UGA.21.2_1,UGA.11.3_1,1.0,0
UGA.21.2_1,UGA.17.2_1,1.0,0
UGA.21.2_1,UGA.3.5_1,2.0,0
UGA.21.2_1,UGA.3.6_1,4.0,0
UGA.21.2_1,UGA.11.1_1,1.0,0
UGA.21.2_1,UGA.17.1_1,1.0,0
UGA.21.2_1,UGA.2.4_1,2.0,0
UGA.21.2_1,UGA.8.2_1,1.0,0
UGA.21.2_1,UGA.2.1_1,1.0,0
UGA.21.2_1,UGA.10.3_1,1.0,0
UGA.21.2_1,UGA.3.3_1,1.0,0
UGA.21.2_1,UGA.1.1_1,1.0,0
UGA.21.2_1,UGA.10.1_1,1.0,0
UGA.21.2_1,UGA.58.1_1,4.0,0
UGA.21.2_1,UGA.14.2_1,1.0,0
UGA.21.2_1,UGA.55.2_1,3.0,0
UGA.21.2_1,UGA.4.1_1,1.0,0
UGA.21.2_1,UGA.55.4_1,1.0,0
UGA.21.2_1,UGA.56.1_1,2.0,0
UGA.21.2_1,UGA.29.2_1,1.0,0
UGA.21.2_1,UGA.56.4_1,1.0,0
UGA.21.2_1,UGA.38.2_1,1.0,0
UGA.21.2_1,UGA.38.1_1,1.0,0
UGA.21.2_1,UGA.54.1_1,1.0,0
UGA.21.2_1,UGA.38.3_1,1.0,0
UGA.21.2_1,UGA.27.1_1,1.0,0
UGA.22.1_1,UGA.22.2_1,795.0,0
UGA.22.1_1,UGA.55.4_1,831.0,0
UGA.22.1_1,UGA.55.3_1,41.0,0
UGA.22.1_1,UGA.14.2_1,128.0,0
UGA.22.1_1,UGA.22.3_1,123.0,0
UGA.22.1_1,UGA.33.5_1,95.0,0
UGA.22.1_1,UGA.29.3_1,37.0,0
UGA.22.1_1,UGA.55.2_1,54.0,0
UGA.22.1_1,UGA.33.6_1,25.0,0
UGA.22.1_1,UGA.33.1_1,37.0,0
UGA.22.1_1,UGA.14.1_1,23.0,0
UGA.22.1_1,UGA.29.2_1,25.0,0
UGA.22.1_1,UGA.55.1_1,15.0,0
UGA.22.1_1,UGA.40.1_1,14.0,0
UGA.22.1_1,UGA.33.2_1,30.0,0
UGA.22.1_1,UGA.28.3_1,6.0,0
UGA.22.1_1,UGA.50.4_1,8.0,0
UGA.22.1_1,UGA.33.4_1,2.0,0
UGA.22.1_1,UGA.29.1_1,5.0,0
UGA.22.1_1,UGA.50.2_1,11.0,0
UGA.22.1_1,UGA.17.1_1,13.0,0
UGA.22.1_1,UGA.54.2_1,7.0,0
UGA.22.1_1,UGA.2.2_1,2.0,0
UGA.22.1_1,UGA.2.1_1,6.0,0
UGA.22.1_1,UGA.45.1_1,5.0,0
UGA.22.1_1,UGA.49.1_1,8.0,0
UGA.22.1_1,UGA.17.3_1,6.0,0
UGA.22.1_1,UGA.50.3_1,4.0,0
UGA.22.1_1,UGA.33.3_1,3.0,0
UGA.22.1_1,UGA.50.1_1,2.0,0
UGA.22.1_1,UGA.20.3_1,1.0,0
UGA.22.1_1,UGA.54.1_1,1.0,0
UGA.22.1_1,UGA.38.4_1,1.0,0
UGA.22.1_1,UGA.20.2_1,1.0,0
UGA.22.1_1,UGA.38.2_1,1.0,0
UGA.22.1_1,UGA.10.2_1,2.0,0
UGA.22.1_1,UGA.17.2_1,3.0,0
UGA.22.1_1,UGA.56.1_1,3.0,0
UGA.22.1_1,UGA.54.3_1,1.0,0
UGA.22.1_1,UGA.23.1_1,1.0,0
UGA.22.1_1,UGA.2.4_1,5.0,0
UGA.22.1_1,UGA.2.3_1,1.0,0
UGA.22.1_1,UGA.38.3_1,2.0,0
UGA.22.1_1,UGA.10.4_1,1.0,0
UGA.22.1_1,UGA.45.3_1,2.0,0
UGA.22.1_1,UGA.10.3_1,1.0,0
UGA.22.1_1,UGA.38.1_1,2.0,0
UGA.22.1_1,UGA.56.2_1,1.0,0
UGA.22.1_1,UGA.46.1_1,1.0,0
UGA.22.1_1,UGA.56.3_1,1.0,0
UGA.22.1_1,UGA.23.2_1,1.0,0
UGA.22.1_1,UGA.11.3_1,2.0,0
UGA.22.1_1,UGA.4.1_1,1.0,0
UGA.22.1_1,UGA.44.4_1,1.0,0
UGA.22.1_1,UGA.37.1_1,1.0,0
UGA.22.1_1,UGA.34.2_1,1.0,0
UGA.22.1_1,UGA.44.2_1,1.0,0
UGA.22.1_1,UGA.57.3_1,3.0,0
UGA.22.1_1,UGA.8.3_1,1.0,0
UGA.22.1_1,UGA.16.1_1,1.0,0
UGA.22.1_1,UGA.57.1_1,1.0,0
UGA.22.1_1,UGA.9.1_1,1.0,0
UGA.22.1_1,UGA.43.3_1,1.0,0
UGA.22.1_1,UGA.9.2_1,1.0,0
UGA.22.1_1,UGA.47.2_1,1.0,0
UGA.22.1_1,UGA.58.1_1,2.0,0
UGA.22.1_1,UGA.24.2_1,1.0,0
UGA.22.1_1,UGA.30.1_1,1.0,0
UGA.22.1_1,UGA.35.2_1,2.0,0
UGA.22.1_1,UGA.13.2_1,1.0,0
UGA.22.1_1,UGA.6.1_1,1.0,0
UGA.22.1_1,UGA.52.2_1,1.0,0
UGA.22.1_1,UGA.12.2_1,1.0,0
UGA.22.2_1,UGA.22.1_1,764.0,0
UGA.22.2_1,UGA.22.3_1,157.0,0
UGA.22.2_1,UGA.33.6_1,45.0,0
UGA.22.2_1,UGA.55.4_1,69.0,0
UGA.22.2_1,UGA.33.5_1,27.0,0
UGA.22.2_1,UGA.55.3_1,3.0,0
UGA.22.2_1,UGA.40.1_1,10.0,0
UGA.22.2_1,UGA.28.3_1,8.0,0
UGA.22.2_1,UGA.14.2_1,5.0,0
UGA.22.2_1,UGA.29.3_1,8.0,0
UGA.22.2_1,UGA.33.1_1,4.0,0
UGA.22.2_1,UGA.55.2_1,6.0,0
UGA.22.2_1,UGA.29.2_1,8.0,0
UGA.22.2_1,UGA.33.2_1,8.0,0
UGA.22.2_1,UGA.49.1_1,9.0,0
UGA.22.2_1,UGA.14.1_1,2.0,0
UGA.22.2_1,UGA.33.4_1,2.0,0
UGA.22.2_1,UGA.28.2_1,5.0,0
UGA.22.2_1,UGA.45.1_1,2.0,0
UGA.22.2_1,UGA.29.1_1,2.0,0
UGA.22.2_1,UGA.2.1_1,1.0,0
UGA.22.2_1,UGA.50.4_1,1.0,0
UGA.22.2_1,UGA.50.2_1,1.0,0
UGA.22.2_1,UGA.2.2_1,2.0,0
UGA.22.2_1,UGA.17.1_1,1.0,0
UGA.22.2_1,UGA.49.2_1,1.0,0
UGA.22.2_1,UGA.50.3_1,2.0,0
UGA.22.2_1,UGA.54.1_1,1.0,0
UGA.22.2_1,UGA.50.1_1,1.0,0
UGA.22.2_1,UGA.2.4_1,1.0,0
UGA.22.2_1,UGA.27.1_1,1.0,0
UGA.22.2_1,UGA.38.2_1,1.0,0
UGA.22.2_1,UGA.20.1_1,1.0,0
UGA.22.2_1,UGA.56.1_1,1.0,0
UGA.22.2_1,UGA.10.2_1,2.0,0
UGA.22.2_1,UGA.28.1_1,1.0,0
UGA.22.2_1,UGA.10.3_1,2.0,0
UGA.22.2_1,UGA.10.1_1,1.0,0
UGA.22.2_1,UGA.37.1_1,1.0,0
UGA.22.2_1,UGA.34.3_1,1.0,0
UGA.22.2_1,UGA.57.3_1,1.0,0
UGA.22.2_1,UGA.36.1_1,1.0,0
UGA.22.2_1,UGA.25.1_1,1.0,0
UGA.22.2_1,UGA.57.1_1,2.0,0
UGA.22.2_1,UGA.43.2_1,1.0,0
UGA.22.2_1,UGA.18.1_1,1.0,0
UGA.22.3_1,UGA.22.1_1,1106.0,0
UGA.22.3_1,UGA.22.2_1,239.0,0
UGA.22.3_1,UGA.29.2_1,296.0,0
UGA.22.3_1,UGA.55.4_1,143.0,0
UGA.22.3_1,UGA.55.3_1,11.0,0
UGA.22.3_1,UGA.40.1_1,43.0,0
UGA.22.3_1,UGA.29.3_1,32.0,0
UGA.22.3_1,UGA.45.1_1,34.0,0
UGA.22.3_1,UGA.29.1_1,27.0,0
UGA.22.3_1,UGA.54.2_1,20.0,0
UGA.22.3_1,UGA.45.2_1,12.0,0
UGA.22.3_1,UGA.55.2_1,21.0,0
UGA.22.3_1,UGA.20.3_1,9.0,0
UGA.22.3_1,UGA.14.2_1,6.0,0
UGA.22.3_1,UGA.20.2_1,13.0,0
UGA.22.3_1,UGA.50.2_1,14.0,0
UGA.22.3_1,UGA.50.4_1,10.0,0
UGA.22.3_1,UGA.54.1_1,9.0,0
UGA.22.3_1,UGA.45.3_1,3.0,0
UGA.22.3_1,UGA.54.3_1,1.0,0
UGA.22.3_1,UGA.33.5_1,5.0,0
UGA.22.3_1,UGA.38.4_1,3.0,0
UGA.22.3_1,UGA.50.1_1,6.0,0
UGA.22.3_1,UGA.33.6_1,3.0,0
UGA.22.3_1,UGA.28.3_1,1.0,0
UGA.22.3_1,UGA.55.1_1,1.0,0
UGA.22.3_1,UGA.50.3_1,5.0,0
UGA.22.3_1,UGA.20.1_1,1.0,0
UGA.22.3_1,UGA.38.2_1,6.0,0
UGA.22.3_1,UGA.40.2_1,2.0,0
UGA.22.3_1,UGA.38.3_1,6.0,0
UGA.22.3_1,UGA.33.1_1,1.0,0
UGA.22.3_1,UGA.17.3_1,3.0,0
UGA.22.3_1,UGA.38.1_1,2.0,0
UGA.22.3_1,UGA.10.2_1,4.0,0
UGA.22.3_1,UGA.17.1_1,2.0,0
UGA.22.3_1,UGA.33.4_1,1.0,0
UGA.22.3_1,UGA.56.4_1,2.0,0
UGA.22.3_1,UGA.56.2_1,3.0,0
UGA.22.3_1,UGA.2.2_1,2.0,0
UGA.22.3_1,UGA.17.2_1,1.0,0
UGA.22.3_1,UGA.10.3_1,1.0,0
UGA.22.3_1,UGA.2.1_1,2.0,0
UGA.22.3_1,UGA.10.1_1,1.0,0
UGA.22.3_1,UGA.23.1_1,1.0,0
UGA.22.3_1,UGA.17.4_1,2.0,0
UGA.22.3_1,UGA.7.1_1,2.0,0
UGA.22.3_1,UGA.4.1_1,2.0,0
UGA.22.3_1,UGA.11.3_1,1.0,0
UGA.22.3_1,UGA.2.4_1,1.0,0
UGA.22.3_1,UGA.37.1_1,1.0,0
UGA.22.3_1,UGA.11.2_1,1.0,0
UGA.22.3_1,UGA.46.1_1,2.0,0
UGA.22.3_1,UGA.44.1_1,1.0,0
UGA.22.3_1,UGA.57.3_1,3.0,0
UGA.22.3_1,UGA.44.3_1,1.0,0
UGA.22.3_1,UGA.16.1_1,2.0,0
UGA.22.3_1,UGA.57.1_1,2.0,0
UGA.22.3_1,UGA.43.3_1,1.0,0
UGA.22.3_1,UGA.47.3_1,1.0,0
UGA.22.3_1,UGA.9.2_1,1.0,0
UGA.22.3_1,UGA.51.3_1,1.0,0
UGA.22.3_1,UGA.51.2_1,1.0,0
UGA.22.3_1,UGA.39.3_1,1.0,0
UGA.22.3_1,UGA.48.1_1,1.0,0
UGA.22.3_1,UGA.48.3_1,1.0,0
UGA.23.1_1,UGA.17.2_1,1212.0,0
UGA.23.1_1,UGA.34.1_1,155.0,0
UGA.23.1_1,UGA.17.1_1,147.0,0
UGA.23.1_1,UGA.23.2_1,42.0,0
UGA.23.1_1,UGA.17.4_1,23.0,0
UGA.23.1_1,UGA.34.2_1,33.0,0
UGA.23.1_1,UGA.46.1_1,16.0,0
UGA.23.1_1,UGA.44.4_1,13.0,0
UGA.23.1_1,UGA.33.3_1,7.0,0
UGA.23.1_1,UGA.55.1_1,3.0,0
UGA.23.1_1,UGA.10.4_1,9.0,0
UGA.23.1_1,UGA.11.3_1,6.0,0
UGA.23.1_1,UGA.17.3_1,7.0,0
UGA.23.1_1,UGA.14.1_1,6.0,0
UGA.23.1_1,UGA.34.3_1,9.0,0
UGA.23.1_1,UGA.11.1_1,4.0,0
UGA.23.1_1,UGA.57.3_1,19.0,0
UGA.23.1_1,UGA.10.3_1,3.0,0
UGA.23.1_1,UGA.11.2_1,1.0,0
UGA.23.1_1,UGA.44.1_1,5.0,0
UGA.23.1_1,UGA.16.1_1,7.0,0
UGA.23.1_1,UGA.2.2_1,1.0,0
UGA.23.1_1,UGA.10.2_1,1.0,0
UGA.23.1_1,UGA.33.1_1,3.0,0
UGA.23.1_1,UGA.2.3_1,1.0,0
UGA.23.1_1,UGA.10.1_1,1.0,0
UGA.23.1_1,UGA.57.1_1,5.0,0
UGA.23.1_1,UGA.50.3_1,1.0,0
UGA.23.1_1,UGA.37.1_1,2.0,0
UGA.23.1_1,UGA.50.2_1,1.0,0
UGA.23.1_1,UGA.4.1_1,2.0,0
UGA.23.1_1,UGA.2.1_1,1.0,0
UGA.23.1_1,UGA.33.2_1,1.0,0
UGA.23.1_1,UGA.43.3_1,1.0,0
UGA.23.1_1,UGA.36.4_1,1.0,0
UGA.23.1_1,UGA.2.4_1,1.0,0
UGA.23.1_1,UGA.54.1_1,1.0,0
UGA.23.1_1,UGA.38.1_1,1.0,0
UGA.23.1_1,UGA.20.3_1,1.0,0
UGA.23.1_1,UGA.30.1_1,1.0,0
UGA.23.1_1,UGA.13.2_1,1.0,0
UGA.23.1_1,UGA.39.1_1,1.0,0
UGA.23.1_1,UGA.21.1_1,1.0,0
UGA.23.2_1,UGA.17.4_1,1155.0,0
UGA.23.2_1,UGA.44.4_1,574.0,0
UGA.23.2_1,UGA.11.3_1,276.0,0
UGA.23.2_1,UGA.17.2_1,222.0,0
UGA.23.2_1,UGA.34.1_1,57.0,0
UGA.23.2_1,UGA.11.1_1,62.0,0
UGA.23.2_1,UGA.11.2_1,22.0,0
UGA.23.2_1,UGA.10.4_1,49.0,0
UGA.23.2_1,UGA.44.1_1,49.0,0
UGA.23.2_1,UGA.23.1_1,15.0,0
UGA.23.2_1,UGA.44.3_1,37.0,0
UGA.23.2_1,UGA.57.3_1,61.0,0
UGA.23.2_1,UGA.10.3_1,5.0,0
UGA.23.2_1,UGA.34.2_1,8.0,0
UGA.23.2_1,UGA.16.1_1,35.0,0
UGA.23.2_1,UGA.44.2_1,2.0,0
UGA.23.2_1,UGA.17.1_1,6.0,0
UGA.23.2_1,UGA.37.1_1,1.0,0
UGA.23.2_1,UGA.17.3_1,6.0,0
UGA.23.2_1,UGA.10.1_1,1.0,0
UGA.23.2_1,UGA.57.1_1,7.0,0
UGA.23.2_1,UGA.55.1_1,1.0,0
UGA.23.2_1,UGA.46.1_1,3.0,0
UGA.23.2_1,UGA.4.1_1,2.0,0
UGA.23.2_1,UGA.50.4_1,2.0,0
UGA.23.2_1,UGA.34.3_1,2.0,0
UGA.23.2_1,UGA.56.1_1,1.0,0
UGA.23.2_1,UGA.42.3_1,2.0,0
UGA.23.2_1,UGA.43.1_1,1.0,0
UGA.23.2_1,UGA.7.1_1,2.0,0
UGA.23.2_1,UGA.29.3_1,1.0,0
UGA.23.2_1,UGA.32.1_1,1.0,0
UGA.23.2_1,UGA.56.3_1,1.0,0
UGA.23.2_1,UGA.2.2_1,1.0,0
UGA.23.2_1,UGA.33.1_1,1.0,0
UGA.23.2_1,UGA.25.1_1,2.0,0
UGA.23.2_1,UGA.2.3_1,2.0,0
UGA.23.2_1,UGA.15.1_1,1.0,0
UGA.23.2_1,UGA.38.1_1,1.0,0
UGA.23.2_1,UGA.22.1_1,1.0,0
UGA.23.2_1,UGA.33.4_1,1.0,0
UGA.23.2_1,UGA.33.2_1,1.0,0
UGA.23.2_1,UGA.43.2_1,1.0,0
UGA.23.2_1,UGA.35.4_1,2.0,0
UGA.23.2_1,UGA.24.1_1,2.0,0
UGA.23.2_1,UGA.9.2_1,1.0,0
UGA.23.2_1,UGA.8.2_1,1.0,0
UGA.23.2_1,UGA.45.3_1,1.0,0
UGA.23.2_1,UGA.47.3_1,1.0,0
UGA.23.2_1,UGA.39.2_1,1.0,0
UGA.23.2_1,UGA.27.1_1,1.0,0
UGA.24.1_1,UGA.24.3_1,1490.0,0
UGA.24.1_1,UGA.9.2_1,1101.0,0
UGA.24.1_1,UGA.24.2_1,645.0,0
UGA.24.1_1,UGA.25.1_1,308.0,0
UGA.24.1_1,UGA.43.2_1,216.0,0
UGA.24.1_1,UGA.9.1_1,96.0,0
UGA.24.1_1,UGA.30.1_1,73.0,0
UGA.24.1_1,UGA.43.3_1,61.0,0
UGA.24.1_1,UGA.31.1_1,2.0,0
UGA.24.1_1,UGA.36.2_1,12.0,0
UGA.24.1_1,UGA.30.2_1,63.0,0
UGA.24.1_1,UGA.36.3_1,22.0,0
UGA.24.1_1,UGA.34.3_1,27.0,0
UGA.24.1_1,UGA.42.2_1,16.0,0
UGA.24.1_1,UGA.43.4_1,17.0,0
UGA.24.1_1,UGA.53.1_1,4.0,0
UGA.24.1_1,UGA.5.2_1,3.0,0
UGA.24.1_1,UGA.36.1_1,6.0,0
UGA.24.1_1,UGA.43.1_1,9.0,0
UGA.24.1_1,UGA.18.1_1,16.0,0
UGA.24.1_1,UGA.13.2_1,17.0,0
UGA.24.1_1,UGA.13.3_1,5.0,0
UGA.24.1_1,UGA.39.5_1,9.0,0
UGA.24.1_1,UGA.53.2_1,13.0,0
UGA.24.1_1,UGA.42.1_1,1.0,0
UGA.24.1_1,UGA.35.1_1,9.0,0
UGA.24.1_1,UGA.46.1_1,5.0,0
UGA.24.1_1,UGA.35.3_1,7.0,0
UGA.24.1_1,UGA.34.2_1,10.0,0
UGA.24.1_1,UGA.51.1_1,6.0,0
UGA.24.1_1,UGA.13.1_1,8.0,0
UGA.24.1_1,UGA.42.3_1,12.0,0
UGA.24.1_1,UGA.36.4_1,10.0,0
UGA.24.1_1,UGA.5.1_1,3.0,0
UGA.24.1_1,UGA.57.1_1,26.0,0
UGA.24.1_1,UGA.39.2_1,2.0,0
UGA.24.1_1,UGA.18.2_1,1.0,0
UGA.24.1_1,UGA.34.1_1,2.0,0
UGA.24.1_1,UGA.57.3_1,16.0,0
UGA.24.1_1,UGA.39.7_1,2.0,0
UGA.24.1_1,UGA.35.4_1,5.0,0
UGA.24.1_1,UGA.35.2_1,4.0,0
UGA.24.1_1,UGA.2.3_1,2.0,0
UGA.24.1_1,UGA.47.3_1,4.0,0
UGA.24.1_1,UGA.16.1_1,18.0,0
UGA.24.1_1,UGA.57.2_1,2.0,0
UGA.24.1_1,UGA.21.2_1,2.0,0
UGA.24.1_1,UGA.47.1_1,2.0,0
UGA.24.1_1,UGA.23.1_1,2.0,0
UGA.24.1_1,UGA.47.2_1,1.0,0
UGA.24.1_1,UGA.39.4_1,2.0,0
UGA.24.1_1,UGA.44.3_1,4.0,0
UGA.24.1_1,UGA.51.4_1,1.0,0
UGA.24.1_1,UGA.51.3_1,2.0,0
UGA.24.1_1,UGA.23.2_1,3.0,0
UGA.24.1_1,UGA.21.1_1,2.0,0
UGA.24.1_1,UGA.17.2_1,2.0,0
UGA.24.1_1,UGA.2.4_1,2.0,0
UGA.24.1_1,UGA.17.4_1,1.0,0
UGA.24.1_1,UGA.44.1_1,3.0,0
UGA.24.1_1,UGA.6.5_1,1.0,0
UGA.24.1_1,UGA.17.1_1,2.0,0
UGA.24.1_1,UGA.3.4_1,2.0,0
UGA.24.1_1,UGA.6.3_1,1.0,0
UGA.24.1_1,UGA.39.1_1,2.0,0
UGA.24.1_1,UGA.39.8_1,1.0,0
UGA.24.1_1,UGA.39.3_1,3.0,0
UGA.24.1_1,UGA.11.3_1,1.0,0
UGA.24.1_1,UGA.55.1_1,1.0,0
UGA.24.1_1,UGA.11.1_1,1.0,0
UGA.24.1_1,UGA.33.4_1,2.0,0
UGA.24.1_1,UGA.10.4_1,1.0,0
UGA.24.1_1,UGA.3.2_1,1.0,0
UGA.24.1_1,UGA.44.2_1,1.0,0
UGA.24.1_1,UGA.33.2_1,1.0,0
UGA.24.1_1,UGA.52.1_1,2.0,0
UGA.24.1_1,UGA.3.6_1,1.0,0
UGA.24.1_1,UGA.10.3_1,1.0,0
UGA.24.1_1,UGA.37.1_1,1.0,0
UGA.24.1_1,UGA.55.2_1,1.0,0
UGA.24.1_1,UGA.52.2_1,1.0,0
UGA.24.1_1,UGA.10.2_1,1.0,0
UGA.24.1_1,UGA.19.1_1,1.0,0
UGA.24.1_1,UGA.29.3_1,2.0,0
UGA.24.1_1,UGA.3.3_1,1.0,0
UGA.24.1_1,UGA.4.1_1,2.0,0
UGA.24.1_1,UGA.12.3_1,1.0,0
UGA.24.1_1,UGA.56.1_1,1.0,0
UGA.24.1_1,UGA.29.2_1,1.0,0
UGA.24.1_1,UGA.56.2_1,2.0,0
UGA.24.1_1,UGA.7.1_1,2.0,0
UGA.24.1_1,UGA.29.1_1,1.0,0
UGA.24.1_1,UGA.22.3_1,1.0,0
UGA.24.1_1,UGA.56.4_1,1.0,0
UGA.24.1_1,UGA.45.3_1,1.0,0
UGA.24.2_1,UGA.24.3_1,1556.0,0
UGA.24.2_1,UGA.9.2_1,1272.0,0
UGA.24.2_1,UGA.30.2_1,876.0,0
UGA.24.2_1,UGA.24.1_1,321.0,0
UGA.24.2_1,UGA.5.2_1,43.0,0
UGA.24.2_1,UGA.30.1_1,194.0,0
UGA.24.2_1,UGA.31.1_1,2.0,0
UGA.24.2_1,UGA.13.2_1,115.0,0
UGA.24.2_1,UGA.13.3_1,15.0,0
UGA.24.2_1,UGA.9.1_1,100.0,0
UGA.24.2_1,UGA.43.2_1,117.0,0
UGA.24.2_1,UGA.18.1_1,71.0,0
UGA.24.2_1,UGA.13.1_1,29.0,0
UGA.24.2_1,UGA.5.1_1,27.0,0
UGA.24.2_1,UGA.25.1_1,67.0,0
UGA.24.2_1,UGA.39.5_1,19.0,0
UGA.24.2_1,UGA.36.2_1,9.0,0
UGA.24.2_1,UGA.53.1_1,9.0,0
UGA.24.2_1,UGA.43.3_1,17.0,0
UGA.24.2_1,UGA.18.2_1,7.0,0
UGA.24.2_1,UGA.39.2_1,23.0,0
UGA.24.2_1,UGA.36.1_1,9.0,0
UGA.24.2_1,UGA.21.2_1,40.0,0
UGA.24.2_1,UGA.36.3_1,9.0,0
UGA.24.2_1,UGA.42.2_1,10.0,0
UGA.24.2_1,UGA.53.2_1,10.0,0
UGA.24.2_1,UGA.51.1_1,4.0,0
UGA.24.2_1,UGA.43.4_1,10.0,0
UGA.24.2_1,UGA.34.3_1,8.0,0
UGA.24.2_1,UGA.39.7_1,9.0,0
UGA.24.2_1,UGA.21.1_1,12.0,0
UGA.24.2_1,UGA.35.1_1,6.0,0
UGA.24.2_1,UGA.43.1_1,5.0,0
UGA.24.2_1,UGA.6.1_1,11.0,0
UGA.24.2_1,UGA.35.3_1,9.0,0
UGA.24.2_1,UGA.47.3_1,7.0,0
UGA.24.2_1,UGA.39.4_1,8.0,0
UGA.24.2_1,UGA.6.2_1,3.0,0
UGA.24.2_1,UGA.42.1_1,4.0,0
UGA.24.2_1,UGA.47.2_1,7.0,0
UGA.24.2_1,UGA.36.4_1,5.0,0
UGA.24.2_1,UGA.47.1_1,7.0,0
UGA.24.2_1,UGA.42.3_1,8.0,0
UGA.24.2_1,UGA.35.4_1,1.0,0
UGA.24.2_1,UGA.39.6_1,2.0,0
UGA.24.2_1,UGA.35.2_1,9.0,0
UGA.24.2_1,UGA.46.1_1,4.0,0
UGA.24.2_1,UGA.6.3_1,6.0,0
UGA.24.2_1,UGA.34.2_1,8.0,0
UGA.24.2_1,UGA.6.5_1,2.0,0
UGA.24.2_1,UGA.57.1_1,14.0,0
UGA.24.2_1,UGA.51.3_1,5.0,0
UGA.24.2_1,UGA.51.4_1,4.0,0
UGA.24.2_1,UGA.6.4_1,2.0,0
UGA.24.2_1,UGA.8.4_1,2.0,0
UGA.24.2_1,UGA.57.3_1,6.0,0
UGA.24.2_1,UGA.39.3_1,2.0,0
UGA.24.2_1,UGA.3.7_1,1.0,0
UGA.24.2_1,UGA.57.2_1,1.0,0
UGA.24.2_1,UGA.52.1_1,2.0,0
UGA.24.2_1,UGA.39.1_1,6.0,0
UGA.24.2_1,UGA.16.1_1,15.0,0
UGA.24.2_1,UGA.15.1_1,1.0,0
UGA.24.2_1,UGA.48.2_1,2.0,0
UGA.24.2_1,UGA.3.1_1,1.0,0
UGA.24.2_1,UGA.23.1_1,2.0,0
UGA.24.2_1,UGA.3.2_1,3.0,0
UGA.24.2_1,UGA.44.3_1,3.0,0
UGA.24.2_1,UGA.2.2_1,2.0,0
UGA.24.2_1,UGA.19.1_1,1.0,0
UGA.24.2_1,UGA.2.4_1,4.0,0
UGA.24.2_1,UGA.48.3_1,3.0,0
UGA.24.2_1,UGA.23.2_1,1.0,0
UGA.24.2_1,UGA.3.6_1,1.0,0
UGA.24.2_1,UGA.17.2_1,1.0,0
UGA.24.2_1,UGA.44.1_1,3.0,0
UGA.24.2_1,UGA.17.4_1,2.0,0
UGA.24.2_1,UGA.17.1_1,1.0,0
UGA.24.2_1,UGA.2.1_1,2.0,0
UGA.24.2_1,UGA.8.5_1,1.0,0
UGA.24.2_1,UGA.11.3_1,1.0,0
UGA.24.2_1,UGA.12.1_1,1.0,0
UGA.24.2_1,UGA.33.1_1,1.0,0
UGA.24.2_1,UGA.55.1_1,1.0,0
UGA.24.2_1,UGA.11.1_1,2.0,0
UGA.24.2_1,UGA.41.1_1,1.0,0
UGA.24.2_1,UGA.33.2_1,1.0,0
UGA.24.2_1,UGA.10.4_1,1.0,0
UGA.24.2_1,UGA.8.1_1,1.0,0
UGA.24.2_1,UGA.58.1_1,1.0,0
UGA.24.2_1,UGA.14.2_1,1.0,0
UGA.24.2_1,UGA.17.3_1,3.0,0
UGA.24.2_1,UGA.10.3_1,1.0,0
UGA.24.2_1,UGA.33.5_1,2.0,0
UGA.24.2_1,UGA.55.2_1,1.0,0
UGA.24.2_1,UGA.55.4_1,1.0,0
UGA.24.2_1,UGA.29.3_1,1.0,0
UGA.24.2_1,UGA.4.1_1,1.0,0
UGA.24.2_1,UGA.29.2_1,1.0,0
UGA.24.2_1,UGA.7.1_1,2.0,0
UGA.24.2_1,UGA.22.3_1,1.0,0
UGA.24.2_1,UGA.38.2_1,2.0,0
UGA.24.2_1,UGA.28.3_1,1.0,0
UGA.24.2_1,UGA.27.1_1,1.0,0
UGA.24.2_1,UGA.38.3_1,1.0,0
UGA.24.2_1,UGA.20.3_1,1.0,0
UGA.24.2_1,UGA.28.2_1,1.0,0
UGA.24.2_1,UGA.45.1_1,1.0,0
UGA.24.2_1,UGA.45.2_1,1.0,0
UGA.24.3_1,UGA.24.1_1,1414.0,0
UGA.24.3_1,UGA.24.2_1,330.0,0
UGA.24.3_1,UGA.30.1_1,120.0,0
UGA.24.3_1,UGA.30.2_1,88.0,0
UGA.24.3_1,UGA.43.2_1,42.0,0
UGA.24.3_1,UGA.9.2_1,21.0,0
UGA.24.3_1,UGA.18.1_1,20.0,0
UGA.24.3_1,UGA.25.1_1,13.0,0
UGA.24.3_1,UGA.43.3_1,10.0,0
UGA.24.3_1,UGA.9.1_1,8.0,0
UGA.24.3_1,UGA.5.2_1,2.0,0
UGA.24.3_1,UGA.13.2_1,5.0,0
UGA.24.3_1,UGA.13.3_1,2.0,0
UGA.24.3_1,UGA.39.5_1,2.0,0
UGA.24.3_1,UGA.42.2_1,2.0,0
UGA.24.3_1,UGA.13.1_1,6.0,0
UGA.24.3_1,UGA.53.2_1,4.0,0
UGA.24.3_1,UGA.36.2_1,2.0,0
UGA.24.3_1,UGA.5.1_1,3.0,0
UGA.24.3_1,UGA.43.4_1,2.0,0
UGA.24.3_1,UGA.39.2_1,4.0,0
UGA.24.3_1,UGA.18.2_1,1.0,0
UGA.24.3_1,UGA.35.1_1,1.0,0
UGA.24.3_1,UGA.34.3_1,5.0,0
UGA.24.3_1,UGA.35.3_1,4.0,0
UGA.24.3_1,UGA.42.1_1,2.0,0
UGA.24.3_1,UGA.21.2_1,3.0,0
UGA.24.3_1,UGA.42.3_1,3.0,0
UGA.24.3_1,UGA.6.1_1,1.0,0
UGA.24.3_1,UGA.35.2_1,3.0,0
UGA.24.3_1,UGA.39.4_1,1.0,0
UGA.24.3_1,UGA.34.2_1,1.0,0
UGA.24.3_1,UGA.57.1_1,5.0,0
UGA.24.3_1,UGA.46.1_1,2.0,0
UGA.24.3_1,UGA.51.3_1,1.0,0
UGA.24.3_1,UGA.6.2_1,1.0,0
UGA.24.3_1,UGA.51.4_1,2.0,0
UGA.24.3_1,UGA.57.3_1,3.0,0
UGA.24.3_1,UGA.16.1_1,7.0,0
UGA.24.3_1,UGA.34.1_1,1.0,0
UGA.24.3_1,UGA.47.3_1,1.0,0
UGA.24.3_1,UGA.39.3_1,1.0,0
UGA.24.3_1,UGA.47.2_1,1.0,0
UGA.24.3_1,UGA.44.3_1,1.0,0
UGA.24.3_1,UGA.44.4_1,1.0,0
UGA.24.3_1,UGA.33.3_1,1.0,0
UGA.24.3_1,UGA.2.4_1,1.0,0
UGA.24.3_1,UGA.17.1_1,1.0,0
UGA.24.3_1,UGA.33.1_1,1.0,0
UGA.24.3_1,UGA.3.6_1,1.0,0
UGA.24.3_1,UGA.55.2_1,1.0,0
UGA.24.3_1,UGA.55.3_1,1.0,0
UGA.24.3_1,UGA.58.1_1,1.0,0
UGA.24.3_1,UGA.22.1_1,1.0,0
UGA.24.3_1,UGA.28.3_1,1.0,0
UGA.24.3_1,UGA.54.2_1,1.0,0
UGA.25.1_1,UGA.34.3_1,1686.0,0
UGA.25.1_1,UGA.24.1_1,1226.0,0
UGA.25.1_1,UGA.43.3_1,499.0,0
UGA.25.1_1,UGA.43.4_1,258.0,0
UGA.25.1_1,UGA.43.2_1,330.0,0
UGA.25.1_1,UGA.36.2_1,28.0,0
UGA.25.1_1,UGA.36.3_1,85.0,0
UGA.25.1_1,UGA.9.1_1,132.0,0
UGA.25.1_1,UGA.24.3_1,49.0,0
UGA.25.1_1,UGA.34.2_1,80.0,0
UGA.25.1_1,UGA.46.1_1,45.0,0
UGA.25.1_1,UGA.43.1_1,19.0,0
UGA.25.1_1,UGA.9.2_1,56.0,0
UGA.25.1_1,UGA.42.2_1,17.0,0
UGA.25.1_1,UGA.42.1_1,13.0,0
UGA.25.1_1,UGA.34.1_1,27.0,0
UGA.25.1_1,UGA.24.2_1,48.0,0
UGA.25.1_1,UGA.30.1_1,31.0,0
UGA.25.1_1,UGA.57.1_1,82.0,0
UGA.25.1_1,UGA.42.3_1,13.0,0
UGA.25.1_1,UGA.36.1_1,7.0,0
UGA.25.1_1,UGA.57.3_1,50.0,0
UGA.25.1_1,UGA.36.4_1,10.0,0
UGA.25.1_1,UGA.16.1_1,32.0,0
UGA.25.1_1,UGA.2.3_1,6.0,0
UGA.25.1_1,UGA.23.1_1,5.0,0
UGA.25.1_1,UGA.53.1_1,1.0,0
UGA.25.1_1,UGA.35.3_1,4.0,0
UGA.25.1_1,UGA.53.2_1,5.0,0
UGA.25.1_1,UGA.33.3_1,4.0,0
UGA.25.1_1,UGA.35.1_1,3.0,0
UGA.25.1_1,UGA.30.2_1,8.0,0
UGA.25.1_1,UGA.44.4_1,2.0,0
UGA.25.1_1,UGA.57.2_1,4.0,0
UGA.25.1_1,UGA.44.3_1,8.0,0
UGA.25.1_1,UGA.23.2_1,2.0,0
UGA.25.1_1,UGA.2.2_1,3.0,0
UGA.25.1_1,UGA.17.2_1,3.0,0
UGA.25.1_1,UGA.35.4_1,2.0,0
UGA.25.1_1,UGA.39.5_1,2.0,0
UGA.25.1_1,UGA.17.4_1,4.0,0
UGA.25.1_1,UGA.17.1_1,9.0,0
UGA.25.1_1,UGA.18.1_1,5.0,0
UGA.25.1_1,UGA.5.2_1,1.0,0
UGA.25.1_1,UGA.35.2_1,8.0,0
UGA.25.1_1,UGA.44.1_1,4.0,0
UGA.25.1_1,UGA.15.1_1,1.0,0
UGA.25.1_1,UGA.11.3_1,3.0,0
UGA.25.1_1,UGA.13.2_1,3.0,0
UGA.25.1_1,UGA.8.4_1,2.0,0
UGA.25.1_1,UGA.47.1_1,1.0,0
UGA.25.1_1,UGA.2.4_1,1.0,0
UGA.25.1_1,UGA.47.3_1,1.0,0
UGA.25.1_1,UGA.11.2_1,1.0,0
UGA.25.1_1,UGA.10.4_1,1.0,0
UGA.25.1_1,UGA.11.1_1,2.0,0
UGA.25.1_1,UGA.39.7_1,2.0,0
UGA.25.1_1,UGA.33.1_1,2.0,0
UGA.25.1_1,UGA.2.1_1,1.0,0
UGA.25.1_1,UGA.51.4_1,3.0,0
UGA.25.1_1,UGA.13.1_1,2.0,0
UGA.25.1_1,UGA.39.2_1,1.0,0
UGA.25.1_1,UGA.17.3_1,1.0,0
UGA.25.1_1,UGA.5.1_1,1.0,0
UGA.25.1_1,UGA.47.2_1,3.0,0
UGA.25.1_1,UGA.18.2_1,1.0,0
UGA.25.1_1,UGA.14.2_1,2.0,0
UGA.25.1_1,UGA.55.2_1,1.0,0
UGA.25.1_1,UGA.37.1_1,3.0,0
UGA.25.1_1,UGA.3.4_1,1.0,0
UGA.25.1_1,UGA.51.2_1,1.0,0
UGA.25.1_1,UGA.10.2_1,1.0,0
UGA.25.1_1,UGA.50.3_1,3.0,0
UGA.25.1_1,UGA.29.3_1,1.0,0
UGA.25.1_1,UGA.8.3_1,1.0,0
UGA.25.1_1,UGA.6.5_1,1.0,0
UGA.25.1_1,UGA.56.1_1,1.0,0
UGA.25.1_1,UGA.50.2_1,1.0,0
UGA.25.1_1,UGA.6.3_1,1.0,0
UGA.25.1_1,UGA.49.2_1,1.0,0
UGA.25.1_1,UGA.3.6_1,1.0,0
UGA.25.1_1,UGA.7.1_1,1.0,0
UGA.25.1_1,UGA.38.4_1,1.0,0
UGA.25.1_1,UGA.48.1_1,1.0,0
UGA.25.1_1,UGA.54.1_1,1.0,0
UGA.25.1_1,UGA.58.1_1,2.0,0
UGA.25.1_1,UGA.38.1_1,1.0,0
UGA.25.1_1,UGA.3.3_1,2.0,0
UGA.25.1_1,UGA.19.1_1,1.0,0
UGA.25.1_1,UGA.45.1_1,1.0,0
UGA.25.1_1,UGA.12.3_1,1.0,0
UGA.25.1_1,UGA.12.2_1,1.0,0
UGA.25.1_1,UGA.28.2_1,1.0,0
UGA.25.1_1,UGA.45.2_1,1.0,0
UGA.25.1_1,UGA.40.2_1,1.0,0
UGA.26.1_1,UGA.12.3_1,1440.0,0
UGA.26.1_1,UGA.12.1_1,174.0,0
UGA.26.1_1,UGA.12.2_1,486.0,0
UGA.26.1_1,UGA.19.1_1,362.0,0
UGA.26.1_1,UGA.52.2_1,129.0,0
UGA.26.1_1,UGA.12.4_1,85.0,0
UGA.26.1_1,UGA.48.3_1,88.0,0
UGA.26.1_1,UGA.48.1_1,56.0,0
UGA.26.1_1,UGA.52.1_1,63.0,0
UGA.26.1_1,UGA.6.4_1,62.0,0
UGA.26.1_1,UGA.48.2_1,73.0,0
UGA.26.1_1,UGA.6.3_1,54.0,0
UGA.26.1_1,UGA.6.5_1,42.0,0
UGA.26.1_1,UGA.39.8_1,25.0,0
UGA.26.1_1,UGA.6.2_1,10.0,0
UGA.26.1_1,UGA.39.3_1,40.0,0
UGA.26.1_1,UGA.6.1_1,11.0,0
UGA.26.1_1,UGA.39.6_1,5.0,0
UGA.26.1_1,UGA.39.4_1,14.0,0
UGA.26.1_1,UGA.21.1_1,22.0,0
UGA.26.1_1,UGA.39.1_1,20.0,0
UGA.26.1_1,UGA.18.2_1,10.0,0
UGA.26.1_1,UGA.39.2_1,5.0,0
UGA.26.1_1,UGA.21.2_1,14.0,0
UGA.26.1_1,UGA.39.7_1,12.0,0
UGA.26.1_1,UGA.39.5_1,11.0,0
UGA.26.1_1,UGA.51.3_1,6.0,0
UGA.26.1_1,UGA.18.1_1,12.0,0
UGA.26.1_1,UGA.13.1_1,2.0,0
UGA.26.1_1,UGA.51.1_1,5.0,0
UGA.26.1_1,UGA.51.2_1,2.0,0
UGA.26.1_1,UGA.5.1_1,9.0,0
UGA.26.1_1,UGA.13.2_1,8.0,0
UGA.26.1_1,UGA.13.3_1,1.0,0
UGA.26.1_1,UGA.53.1_1,2.0,0
UGA.26.1_1,UGA.51.4_1,4.0,0
UGA.26.1_1,UGA.53.2_1,3.0,0
UGA.26.1_1,UGA.35.2_1,7.0,0
UGA.26.1_1,UGA.30.2_1,10.0,0
UGA.26.1_1,UGA.30.1_1,6.0,0
UGA.26.1_1,UGA.35.4_1,4.0,0
UGA.26.1_1,UGA.5.2_1,1.0,0
UGA.26.1_1,UGA.35.3_1,2.0,0
UGA.26.1_1,UGA.43.2_1,10.0,0
UGA.26.1_1,UGA.24.3_1,2.0,0
UGA.26.1_1,UGA.24.2_1,2.0,0
UGA.26.1_1,UGA.15.1_1,2.0,0
UGA.26.1_1,UGA.24.1_1,3.0,0
UGA.26.1_1,UGA.42.3_1,2.0,0
UGA.26.1_1,UGA.9.2_1,1.0,0
UGA.26.1_1,UGA.15.2_1,1.0,0
UGA.26.1_1,UGA.43.4_1,1.0,0
UGA.26.1_1,UGA.57.2_1,2.0,0
UGA.26.1_1,UGA.25.1_1,5.0,0
UGA.26.1_1,UGA.57.1_1,4.0,0
UGA.26.1_1,UGA.9.1_1,3.0,0
UGA.26.1_1,UGA.16.1_1,9.0,0
UGA.26.1_1,UGA.57.3_1,4.0,0
UGA.26.1_1,UGA.44.3_1,6.0,0
UGA.26.1_1,UGA.36.3_1,1.0,0
UGA.26.1_1,UGA.44.4_1,1.0,0
UGA.26.1_1,UGA.23.2_1,1.0,0
UGA.26.1_1,UGA.47.3_1,1.0,0
UGA.26.1_1,UGA.17.2_1,2.0,0
UGA.26.1_1,UGA.37.1_1,2.0,0
UGA.26.1_1,UGA.10.4_1,1.0,0
UGA.26.1_1,UGA.8.4_1,1.0,0
UGA.26.1_1,UGA.10.1_1,1.0,0
UGA.26.1_1,UGA.3.4_1,1.0,0
UGA.26.1_1,UGA.4.1_1,5.0,0
UGA.26.1_1,UGA.3.2_1,1.0,0
UGA.26.1_1,UGA.2.4_1,1.0,0
UGA.26.1_1,UGA.3.6_1,1.0,0
UGA.26.1_1,UGA.2.1_1,1.0,0
UGA.26.1_1,UGA.50.3_1,1.0,0
UGA.26.1_1,UGA.55.2_1,1.0,0
UGA.26.1_1,UGA.56.2_1,1.0,0
UGA.26.1_1,UGA.8.5_1,1.0,0
UGA.26.1_1,UGA.33.2_1,1.0,0
UGA.26.1_1,UGA.33.5_1,1.0,0
UGA.26.1_1,UGA.38.2_1,1.0,0
UGA.26.1_1,UGA.22.1_1,1.0,0
UGA.26.1_1,UGA.45.3_1,1.0,0
UGA.27.1_1,UGA.49.1_1,1307.0,0
UGA.27.1_1,UGA.27.2_1,237.0,0
UGA.27.1_1,UGA.49.2_1,195.0,0
UGA.27.1_1,UGA.28.1_1,86.0,0
UGA.27.1_1,UGA.28.2_1,105.0,0
UGA.27.1_1,UGA.28.3_1,59.0,0
UGA.27.1_1,UGA.33.6_1,41.0,0
UGA.27.1_1,UGA.8.1_1,24.0,0
UGA.27.1_1,UGA.8.5_1,32.0,0
UGA.27.1_1,UGA.33.5_1,27.0,0
UGA.27.1_1,UGA.33.2_1,29.0,0
UGA.27.1_1,UGA.8.2_1,12.0,0
UGA.27.1_1,UGA.33.4_1,6.0,0
UGA.27.1_1,UGA.2.1_1,17.0,0
UGA.27.1_1,UGA.22.2_1,5.0,0
UGA.27.1_1,UGA.2.4_1,18.0,0
UGA.27.1_1,UGA.8.3_1,12.0,0
UGA.27.1_1,UGA.40.1_1,8.0,0
UGA.27.1_1,UGA.22.1_1,8.0,0
UGA.27.1_1,UGA.33.1_1,5.0,0
UGA.27.1_1,UGA.1.1_1,5.0,0
UGA.27.1_1,UGA.41.2_1,2.0,0
UGA.27.1_1,UGA.40.2_1,3.0,0
UGA.27.1_1,UGA.14.2_1,4.0,0
UGA.27.1_1,UGA.2.2_1,2.0,0
UGA.27.1_1,UGA.40.3_1,1.0,0
UGA.27.1_1,UGA.55.4_1,5.0,0
UGA.27.1_1,UGA.22.3_1,6.0,0
UGA.27.1_1,UGA.8.4_1,4.0,0
UGA.27.1_1,UGA.41.1_1,1.0,0
UGA.27.1_1,UGA.14.1_1,3.0,0
UGA.27.1_1,UGA.2.3_1,1.0,0
UGA.27.1_1,UGA.45.2_1,1.0,0
UGA.27.1_1,UGA.33.3_1,3.0,0
UGA.27.1_1,UGA.36.4_1,5.0,0
UGA.27.1_1,UGA.55.1_1,1.0,0
UGA.27.1_1,UGA.55.2_1,2.0,0
UGA.27.1_1,UGA.29.3_1,1.0,0
UGA.27.1_1,UGA.58.1_1,3.0,0
UGA.27.1_1,UGA.29.2_1,2.0,0
UGA.27.1_1,UGA.47.1_1,3.0,0
UGA.27.1_1,UGA.3.6_1,3.0,0
UGA.27.1_1,UGA.3.4_1,2.0,0
UGA.27.1_1,UGA.17.1_1,1.0,0
UGA.27.1_1,UGA.50.4_1,2.0,0
UGA.27.1_1,UGA.29.1_1,2.0,0
UGA.27.1_1,UGA.46.1_1,2.0,0
UGA.27.1_1,UGA.54.2_1,1.0,0
UGA.27.1_1,UGA.3.3_1,3.0,0
UGA.27.1_1,UGA.36.3_1,1.0,0
UGA.27.1_1,UGA.50.2_1,3.0,0
UGA.27.1_1,UGA.47.3_1,1.0,0
UGA.27.1_1,UGA.23.1_1,3.0,0
UGA.27.1_1,UGA.3.5_1,2.0,0
UGA.27.1_1,UGA.3.7_1,1.0,0
UGA.27.1_1,UGA.17.2_1,1.0,0
UGA.27.1_1,UGA.38.4_1,1.0,0
UGA.27.1_1,UGA.38.2_1,1.0,0
UGA.27.1_1,UGA.56.1_1,1.0,0
UGA.27.1_1,UGA.34.1_1,1.0,0
UGA.27.1_1,UGA.17.4_1,1.0,0
UGA.27.1_1,UGA.10.3_1,2.0,0
UGA.27.1_1,UGA.56.2_1,1.0,0
UGA.27.1_1,UGA.56.3_1,1.0,0
UGA.27.1_1,UGA.4.1_1,1.0,0
UGA.27.1_1,UGA.44.1_1,1.0,0
UGA.27.1_1,UGA.24.1_1,1.0,0
UGA.27.1_1,UGA.44.3_1,1.0,0
UGA.27.1_1,UGA.57.1_1,1.0,0
UGA.27.1_1,UGA.15.2_1,1.0,0
UGA.27.1_1,UGA.6.1_1,1.0,0
UGA.27.1_1,UGA.48.2_1,1.0,0
UGA.27.2_1,UGA.27.1_1,954.0,0
UGA.27.2_1,UGA.49.2_1,257.0,0
UGA.27.2_1,UGA.8.1_1,93.0,0
UGA.27.2_1,UGA.49.1_1,116.0,0
UGA.27.2_1,UGA.8.2_1,39.0,0
UGA.27.2_1,UGA.8.3_1,32.0,0
UGA.27.2_1,UGA.8.5_1,25.0,0
UGA.27.2_1,UGA.41.2_1,11.0,0
UGA.27.2_1,UGA.1.1_1,26.0,0
UGA.27.2_1,UGA.41.1_1,6.0,0
UGA.27.2_1,UGA.2.4_1,27.0,0
UGA.27.2_1,UGA.33.6_1,4.0,0
UGA.27.2_1,UGA.2.1_1,13.0,0
UGA.27.2_1,UGA.33.2_1,14.0,0
UGA.27.2_1,UGA.28.3_1,2.0,0
UGA.27.2_1,UGA.28.1_1,3.0,0
UGA.27.2_1,UGA.33.4_1,1.0,0
UGA.27.2_1,UGA.8.4_1,4.0,0
UGA.27.2_1,UGA.28.2_1,7.0,0
UGA.27.2_1,UGA.33.5_1,4.0,0
UGA.27.2_1,UGA.58.1_1,6.0,0
UGA.27.2_1,UGA.3.6_1,3.0,0
UGA.27.2_1,UGA.2.2_1,3.0,0
UGA.27.2_1,UGA.33.1_1,2.0,0
UGA.27.2_1,UGA.36.4_1,5.0,0
UGA.27.2_1,UGA.2.3_1,3.0,0
UGA.27.2_1,UGA.3.3_1,2.0,0
UGA.27.2_1,UGA.47.1_1,2.0,0
UGA.27.2_1,UGA.22.1_1,2.0,0
UGA.27.2_1,UGA.3.5_1,1.0,0
UGA.27.2_1,UGA.3.7_1,3.0,0
UGA.27.2_1,UGA.14.1_1,1.0,0
UGA.27.2_1,UGA.33.3_1,2.0,0
UGA.27.2_1,UGA.36.1_1,1.0,0
UGA.27.2_1,UGA.55.1_1,1.0,0
UGA.27.2_1,UGA.46.1_1,1.0,0
UGA.27.2_1,UGA.45.2_1,1.0,0
UGA.27.2_1,UGA.17.2_1,1.0,0
UGA.27.2_1,UGA.17.3_1,1.0,0
UGA.27.2_1,UGA.54.2_1,1.0,0
UGA.27.2_1,UGA.50.1_1,1.0,0
UGA.27.2_1,UGA.10.4_1,1.0,0
UGA.27.2_1,UGA.23.2_1,1.0,0
UGA.27.2_1,UGA.56.1_1,1.0,0
UGA.27.2_1,UGA.11.3_1,1.0,0
UGA.27.2_1,UGA.57.3_1,1.0,0
UGA.27.2_1,UGA.43.3_1,1.0,0
UGA.27.2_1,UGA.16.1_1,1.0,0
UGA.27.2_1,UGA.44.3_1,1.0,0
UGA.27.2_1,UGA.4.1_1,1.0,0
UGA.27.2_1,UGA.39.7_1,1.0,0
UGA.27.2_1,UGA.12.2_1,1.0,0
UGA.28.1_1,UGA.28.2_1,992.0,0
UGA.28.1_1,UGA.27.1_1,269.0,0
UGA.28.1_1,UGA.28.3_1,68.0,0
UGA.28.1_1,UGA.49.1_1,85.0,0
UGA.28.1_1,UGA.40.2_1,24.0,0
UGA.28.1_1,UGA.40.1_1,37.0,0
UGA.28.1_1,UGA.40.3_1,3.0,0
UGA.28.1_1,UGA.27.2_1,21.0,0
UGA.28.1_1,UGA.33.6_1,15.0,0
UGA.28.1_1,UGA.49.2_1,17.0,0
UGA.28.1_1,UGA.22.2_1,9.0,0
UGA.28.1_1,UGA.33.5_1,24.0,0
UGA.28.1_1,UGA.45.2_1,7.0,0
UGA.28.1_1,UGA.22.1_1,13.0,0
UGA.28.1_1,UGA.33.2_1,10.0,0
UGA.28.1_1,UGA.22.3_1,6.0,0
UGA.28.1_1,UGA.8.1_1,4.0,0
UGA.28.1_1,UGA.33.4_1,2.0,0
UGA.28.1_1,UGA.8.5_1,5.0,0
UGA.28.1_1,UGA.2.1_1,5.0,0
UGA.28.1_1,UGA.55.4_1,2.0,0
UGA.28.1_1,UGA.45.1_1,5.0,0
UGA.28.1_1,UGA.14.2_1,2.0,0
UGA.28.1_1,UGA.33.1_1,2.0,0
UGA.28.1_1,UGA.8.2_1,1.0,0
UGA.28.1_1,UGA.2.4_1,6.0,0
UGA.28.1_1,UGA.2.2_1,1.0,0
UGA.28.1_1,UGA.29.2_1,3.0,0
UGA.28.1_1,UGA.55.2_1,1.0,0
UGA.28.1_1,UGA.20.2_1,1.0,0
UGA.28.1_1,UGA.29.1_1,1.0,0
UGA.28.1_1,UGA.55.1_1,1.0,0
UGA.28.1_1,UGA.1.1_1,4.0,0
UGA.28.1_1,UGA.2.3_1,1.0,0
UGA.28.1_1,UGA.33.3_1,1.0,0
UGA.28.1_1,UGA.50.4_1,1.0,0
UGA.28.1_1,UGA.50.2_1,1.0,0
UGA.28.1_1,UGA.50.3_1,1.0,0
UGA.28.1_1,UGA.38.2_1,1.0,0
UGA.28.1_1,UGA.58.1_1,2.0,0
UGA.28.1_1,UGA.38.1_1,1.0,0
UGA.28.1_1,UGA.17.2_1,1.0,0
UGA.28.1_1,UGA.10.3_1,2.0,0
UGA.28.1_1,UGA.3.3_1,1.0,0
UGA.28.1_1,UGA.4.1_1,1.0,0
UGA.28.1_1,UGA.44.4_1,1.0,0
UGA.28.1_1,UGA.44.3_1,1.0,0
UGA.28.1_1,UGA.16.1_1,1.0,0
UGA.28.1_1,UGA.42.1_1,1.0,0
UGA.28.1_1,UGA.35.2_1,1.0,0
UGA.28.2_1,UGA.28.3_1,921.0,0
UGA.28.2_1,UGA.28.1_1,404.0,0
UGA.28.2_1,UGA.49.1_1,353.0,0
UGA.28.2_1,UGA.40.1_1,128.0,0
UGA.28.2_1,UGA.40.2_1,63.0,0
UGA.28.2_1,UGA.27.1_1,84.0,0
UGA.28.2_1,UGA.33.6_1,38.0,0
UGA.28.2_1,UGA.40.3_1,2.0,0
UGA.28.2_1,UGA.22.2_1,26.0,0
UGA.28.2_1,UGA.33.5_1,65.0,0
UGA.28.2_1,UGA.22.1_1,24.0,0
UGA.28.2_1,UGA.45.2_1,8.0,0
UGA.28.2_1,UGA.22.3_1,23.0,0
UGA.28.2_1,UGA.49.2_1,14.0,0
UGA.28.2_1,UGA.33.2_1,35.0,0
UGA.28.2_1,UGA.55.4_1,15.0,0
UGA.28.2_1,UGA.33.4_1,5.0,0
UGA.28.2_1,UGA.27.2_1,11.0,0
UGA.28.2_1,UGA.14.2_1,7.0,0
UGA.28.2_1,UGA.55.3_1,2.0,0
UGA.28.2_1,UGA.45.1_1,4.0,0
UGA.28.2_1,UGA.33.1_1,3.0,0
UGA.28.2_1,UGA.2.1_1,6.0,0
UGA.28.2_1,UGA.45.3_1,3.0,0
UGA.28.2_1,UGA.8.5_1,5.0,0
UGA.28.2_1,UGA.29.3_1,3.0,0
UGA.28.2_1,UGA.29.2_1,12.0,0
UGA.28.2_1,UGA.8.1_1,4.0,0
UGA.28.2_1,UGA.14.1_1,1.0,0
UGA.28.2_1,UGA.55.2_1,3.0,0
UGA.28.2_1,UGA.2.4_1,3.0,0
UGA.28.2_1,UGA.54.2_1,5.0,0
UGA.28.2_1,UGA.2.2_1,3.0,0
UGA.28.2_1,UGA.29.1_1,4.0,0
UGA.28.2_1,UGA.55.1_1,4.0,0
UGA.28.2_1,UGA.20.2_1,1.0,0
UGA.28.2_1,UGA.8.2_1,1.0,0
UGA.28.2_1,UGA.20.3_1,1.0,0
UGA.28.2_1,UGA.50.4_1,1.0,0
UGA.28.2_1,UGA.50.2_1,3.0,0
UGA.28.2_1,UGA.33.3_1,2.0,0
UGA.28.2_1,UGA.54.1_1,6.0,0
UGA.28.2_1,UGA.20.1_1,4.0,0
UGA.28.2_1,UGA.2.3_1,1.0,0
UGA.28.2_1,UGA.17.1_1,2.0,0
UGA.28.2_1,UGA.50.3_1,2.0,0
UGA.28.2_1,UGA.8.3_1,1.0,0
UGA.28.2_1,UGA.17.3_1,1.0,0
UGA.28.2_1,UGA.38.2_1,3.0,0
UGA.28.2_1,UGA.38.3_1,1.0,0
UGA.28.2_1,UGA.56.1_1,1.0,0
UGA.28.2_1,UGA.38.1_1,2.0,0
UGA.28.2_1,UGA.10.2_1,2.0,0
UGA.28.2_1,UGA.1.1_1,1.0,0
UGA.28.2_1,UGA.36.4_1,1.0,0
UGA.28.2_1,UGA.23.1_1,2.0,0
UGA.28.2_1,UGA.46.1_1,1.0,0
UGA.28.2_1,UGA.41.2_1,1.0,0
UGA.28.2_1,UGA.10.3_1,1.0,0
UGA.28.2_1,UGA.23.2_1,2.0,0
UGA.28.2_1,UGA.11.3_1,1.0,0
UGA.28.2_1,UGA.36.3_1,1.0,0
UGA.28.2_1,UGA.11.1_1,2.0,0
UGA.28.2_1,UGA.7.1_1,2.0,0
UGA.28.2_1,UGA.47.1_1,2.0,0
UGA.28.2_1,UGA.34.2_1,2.0,0
UGA.28.2_1,UGA.37.1_1,1.0,0
UGA.28.2_1,UGA.58.1_1,1.0,0
UGA.28.2_1,UGA.3.4_1,1.0,0
UGA.28.2_1,UGA.57.3_1,3.0,0
UGA.28.2_1,UGA.44.3_1,1.0,0
UGA.28.2_1,UGA.16.1_1,2.0,0
UGA.28.2_1,UGA.9.1_1,1.0,0
UGA.28.2_1,UGA.57.1_1,1.0,0
UGA.28.2_1,UGA.42.3_1,1.0,0
UGA.28.2_1,UGA.51.4_1,1.0,0
UGA.28.2_1,UGA.39.7_1,1.0,0
UGA.28.2_1,UGA.13.1_1,1.0,0
UGA.28.3_1,UGA.28.2_1,950.0,0
UGA.28.3_1,UGA.49.1_1,241.0,0
UGA.28.3_1,UGA.33.6_1,65.0,0
UGA.28.3_1,UGA.22.2_1,41.0,0
UGA.28.3_1,UGA.40.1_1,42.0,0
UGA.28.3_1,UGA.33.5_1,49.0,0
UGA.28.3_1,UGA.22.1_1,31.0,0
UGA.28.3_1,UGA.27.1_1,18.0,0
UGA.28.3_1,UGA.49.2_1,13.0,0
UGA.28.3_1,UGA.22.3_1,8.0,0
UGA.28.3_1,UGA.33.2_1,26.0,0
UGA.28.3_1,UGA.40.2_1,4.0,0
UGA.28.3_1,UGA.28.1_1,9.0,0
UGA.28.3_1,UGA.33.4_1,4.0,0
UGA.28.3_1,UGA.55.4_1,10.0,0
UGA.28.3_1,UGA.14.2_1,2.0,0
UGA.28.3_1,UGA.33.1_1,3.0,0
UGA.28.3_1,UGA.2.1_1,7.0,0
UGA.28.3_1,UGA.45.2_1,1.0,0
UGA.28.3_1,UGA.14.1_1,1.0,0
UGA.28.3_1,UGA.29.3_1,2.0,0
UGA.28.3_1,UGA.8.5_1,2.0,0
UGA.28.3_1,UGA.45.1_1,1.0,0
UGA.28.3_1,UGA.55.2_1,1.0,0
UGA.28.3_1,UGA.27.2_1,2.0,0
UGA.28.3_1,UGA.29.2_1,5.0,0
UGA.28.3_1,UGA.2.2_1,2.0,0
UGA.28.3_1,UGA.2.4_1,8.0,0
UGA.28.3_1,UGA.55.1_1,2.0,0
UGA.28.3_1,UGA.8.2_1,1.0,0
UGA.28.3_1,UGA.29.1_1,2.0,0
UGA.28.3_1,UGA.54.2_1,1.0,0
UGA.28.3_1,UGA.45.3_1,1.0,0
UGA.28.3_1,UGA.33.3_1,1.0,0
UGA.28.3_1,UGA.50.4_1,3.0,0
UGA.28.3_1,UGA.2.3_1,1.0,0
UGA.28.3_1,UGA.17.1_1,1.0,0
UGA.28.3_1,UGA.17.3_1,1.0,0
UGA.28.3_1,UGA.50.1_1,2.0,0
UGA.28.3_1,UGA.54.3_1,1.0,0
UGA.28.3_1,UGA.20.1_1,1.0,0
UGA.28.3_1,UGA.38.2_1,1.0,0
UGA.28.3_1,UGA.17.2_1,4.0,0
UGA.28.3_1,UGA.36.4_1,1.0,0
UGA.28.3_1,UGA.8.4_1,2.0,0
UGA.28.3_1,UGA.46.1_1,2.0,0
UGA.28.3_1,UGA.10.4_1,2.0,0
UGA.28.3_1,UGA.10.3_1,1.0,0
UGA.28.3_1,UGA.23.2_1,1.0,0
UGA.28.3_1,UGA.11.3_1,1.0,0
UGA.28.3_1,UGA.11.2_1,1.0,0
UGA.28.3_1,UGA.47.1_1,1.0,0
UGA.28.3_1,UGA.58.1_1,1.0,0
UGA.28.3_1,UGA.57.1_1,1.0,0
UGA.28.3_1,UGA.30.1_1,1.0,0
UGA.29.1_1,UGA.29.2_1,1512.0,0
UGA.29.1_1,UGA.54.2_1,287.0,0
UGA.29.1_1,UGA.50.2_1,173.0,0
UGA.29.1_1,UGA.54.1_1,159.0,0
UGA.29.1_1,UGA.38.4_1,45.0,0
UGA.29.1_1,UGA.20.3_1,43.0,0
UGA.29.1_1,UGA.50.1_1,68.0,0
UGA.29.1_1,UGA.38.2_1,89.0,0
UGA.29.1_1,UGA.54.3_1,7.0,0
UGA.29.1_1,UGA.29.3_1,19.0,0
UGA.29.1_1,UGA.38.3_1,30.0,0
UGA.29.1_1,UGA.50.3_1,20.0,0
UGA.29.1_1,UGA.20.2_1,6.0,0
UGA.29.1_1,UGA.50.4_1,19.0,0
UGA.29.1_1,UGA.56.1_1,16.0,0
UGA.29.1_1,UGA.38.1_1,16.0,0
UGA.29.1_1,UGA.20.1_1,7.0,0
UGA.29.1_1,UGA.22.3_1,6.0,0
UGA.29.1_1,UGA.55.2_1,14.0,0
UGA.29.1_1,UGA.45.1_1,2.0,0
UGA.29.1_1,UGA.56.4_1,6.0,0
UGA.29.1_1,UGA.55.3_1,2.0,0
UGA.29.1_1,UGA.56.2_1,6.0,0
UGA.29.1_1,UGA.10.2_1,5.0,0
UGA.29.1_1,UGA.55.4_1,6.0,0
UGA.29.1_1,UGA.56.3_1,1.0,0
UGA.29.1_1,UGA.17.3_1,3.0,0
UGA.29.1_1,UGA.22.1_1,5.0,0
UGA.29.1_1,UGA.45.3_1,3.0,0
UGA.29.1_1,UGA.55.1_1,4.0,0
UGA.29.1_1,UGA.45.2_1,1.0,0
UGA.29.1_1,UGA.10.1_1,6.0,0
UGA.29.1_1,UGA.10.3_1,3.0,0
UGA.29.1_1,UGA.22.2_1,2.0,0
UGA.29.1_1,UGA.7.1_1,2.0,0
UGA.29.1_1,UGA.10.4_1,3.0,0
UGA.29.1_1,UGA.17.1_1,3.0,0
UGA.29.1_1,UGA.4.1_1,5.0,0
UGA.29.1_1,UGA.40.1_1,1.0,0
UGA.29.1_1,UGA.17.2_1,4.0,0
UGA.29.1_1,UGA.17.4_1,1.0,0
UGA.29.1_1,UGA.37.1_1,5.0,0
UGA.29.1_1,UGA.11.1_1,1.0,0
UGA.29.1_1,UGA.11.3_1,2.0,0
UGA.29.1_1,UGA.33.5_1,1.0,0
UGA.29.1_1,UGA.33.3_1,1.0,0
UGA.29.1_1,UGA.33.2_1,3.0,0
UGA.29.1_1,UGA.44.4_1,2.0,0
UGA.29.1_1,UGA.44.1_1,3.0,0
UGA.29.1_1,UGA.33.4_1,1.0,0
UGA.29.1_1,UGA.46.1_1,2.0,0
UGA.29.1_1,UGA.34.2_1,1.0,0
UGA.29.1_1,UGA.44.3_1,2.0,0
UGA.29.1_1,UGA.57.3_1,2.0,0
UGA.29.1_1,UGA.16.1_1,2.0,0
UGA.29.1_1,UGA.2.4_1,2.0,0
UGA.29.1_1,UGA.49.2_1,1.0,0
UGA.29.1_1,UGA.57.1_1,4.0,0
UGA.29.1_1,UGA.43.4_1,1.0,0
UGA.29.1_1,UGA.42.3_1,1.0,0
UGA.29.1_1,UGA.8.1_1,1.0,0
UGA.29.1_1,UGA.35.3_1,1.0,0
UGA.29.1_1,UGA.53.2_1,1.0,0
UGA.29.1_1,UGA.30.1_1,1.0,0
UGA.29.1_1,UGA.30.2_1,1.0,0
UGA.29.1_1,UGA.58.1_1,1.0,0
UGA.29.1_1,UGA.3.2_1,1.0,0
UGA.29.1_1,UGA.13.1_1,1.0,0
UGA.29.1_1,UGA.21.2_1,1.0,0
UGA.29.1_1,UGA.12.1_1,1.0,0
UGA.29.1_1,UGA.26.1_1,1.0,0
UGA.29.2_1,UGA.29.1_1,1506.0,0
UGA.29.2_1,UGA.29.3_1,423.0,0
UGA.29.2_1,UGA.50.2_1,305.0,0
UGA.29.2_1,UGA.54.2_1,199.0,0
UGA.29.2_1,UGA.50.4_1,185.0,0
UGA.29.2_1,UGA.50.1_1,114.0,0
UGA.29.2_1,UGA.55.2_1,71.0,0
UGA.29.2_1,UGA.55.3_1,18.0,0
UGA.29.2_1,UGA.50.3_1,67.0,0
UGA.29.2_1,UGA.38.4_1,27.0,0
UGA.29.2_1,UGA.54.1_1,33.0,0
UGA.29.2_1,UGA.22.3_1,28.0,0
UGA.29.2_1,UGA.55.4_1,44.0,0
UGA.29.2_1,UGA.20.3_1,7.0,0
UGA.29.2_1,UGA.38.2_1,43.0,0
UGA.29.2_1,UGA.54.3_1,6.0,0
UGA.29.2_1,UGA.56.1_1,24.0,0
UGA.29.2_1,UGA.38.3_1,13.0,0
UGA.29.2_1,UGA.20.2_1,3.0,0
UGA.29.2_1,UGA.22.1_1,11.0,0
UGA.29.2_1,UGA.17.3_1,10.0,0
UGA.29.2_1,UGA.10.2_1,14.0,0
UGA.29.2_1,UGA.45.1_1,9.0,0
UGA.29.2_1,UGA.38.1_1,13.0,0
UGA.29.2_1,UGA.14.2_1,5.0,0
UGA.29.2_1,UGA.20.1_1,2.0,0
UGA.29.2_1,UGA.56.2_1,11.0,0
UGA.29.2_1,UGA.56.4_1,6.0,0
UGA.29.2_1,UGA.22.2_1,2.0,0
UGA.29.2_1,UGA.56.3_1,1.0,0
UGA.29.2_1,UGA.17.1_1,9.0,0
UGA.29.2_1,UGA.14.1_1,1.0,0
UGA.29.2_1,UGA.10.3_1,6.0,0
UGA.29.2_1,UGA.45.2_1,4.0,0
UGA.29.2_1,UGA.10.4_1,6.0,0
UGA.29.2_1,UGA.10.1_1,3.0,0
UGA.29.2_1,UGA.40.1_1,1.0,0
UGA.29.2_1,UGA.17.2_1,8.0,0
UGA.29.2_1,UGA.33.1_1,1.0,0
UGA.29.2_1,UGA.7.1_1,5.0,0
UGA.29.2_1,UGA.33.5_1,4.0,0
UGA.29.2_1,UGA.4.1_1,8.0,0
UGA.29.2_1,UGA.17.4_1,2.0,0
UGA.29.2_1,UGA.11.1_1,1.0,0
UGA.29.2_1,UGA.33.6_1,2.0,0
UGA.29.2_1,UGA.23.1_1,5.0,0
UGA.29.2_1,UGA.37.1_1,4.0,0
UGA.29.2_1,UGA.33.3_1,2.0,0
UGA.29.2_1,UGA.23.2_1,1.0,0
UGA.29.2_1,UGA.11.2_1,1.0,0
UGA.29.2_1,UGA.33.2_1,2.0,0
UGA.29.2_1,UGA.2.2_1,2.0,0
UGA.29.2_1,UGA.40.2_1,1.0,0
UGA.29.2_1,UGA.44.4_1,2.0,0
UGA.29.2_1,UGA.44.2_1,1.0,0
UGA.29.2_1,UGA.44.1_1,2.0,0
UGA.29.2_1,UGA.46.1_1,1.0,0
UGA.29.2_1,UGA.28.2_1,1.0,0
UGA.29.2_1,UGA.2.3_1,2.0,0
UGA.29.2_1,UGA.34.2_1,1.0,0
UGA.29.2_1,UGA.2.4_1,3.0,0
UGA.29.2_1,UGA.57.3_1,3.0,0
UGA.29.2_1,UGA.16.1_1,4.0,0
UGA.29.2_1,UGA.8.5_1,2.0,0
UGA.29.2_1,UGA.57.1_1,6.0,0
UGA.29.2_1,UGA.27.1_1,1.0,0
UGA.29.2_1,UGA.36.4_1,3.0,0
UGA.29.2_1,UGA.36.3_1,1.0,0
UGA.29.2_1,UGA.8.1_1,1.0,0
UGA.29.2_1,UGA.43.1_1,1.0,0
UGA.29.2_1,UGA.42.2_1,1.0,0
UGA.29.2_1,UGA.35.3_1,1.0,0
UGA.29.2_1,UGA.35.4_1,1.0,0
UGA.29.2_1,UGA.35.2_1,1.0,0
UGA.29.2_1,UGA.47.2_1,2.0,0
UGA.29.2_1,UGA.3.1_1,1.0,0
UGA.29.2_1,UGA.18.1_1,2.0,0
UGA.29.2_1,UGA.5.1_1,1.0,0
UGA.29.2_1,UGA.21.2_1,1.0,0
UGA.29.2_1,UGA.21.1_1,1.0,0
UGA.29.2_1,UGA.52.1_1,1.0,0
UGA.29.2_1,UGA.52.2_1,1.0,0
UGA.29.2_1,UGA.19.1_1,1.0,0
UGA.29.3_1,UGA.29.2_1,1154.0,0
UGA.29.3_1,UGA.55.2_1,192.0,0
UGA.29.3_1,UGA.55.3_1,30.0,0
UGA.29.3_1,UGA.50.4_1,137.0,0
UGA.29.3_1,UGA.55.4_1,77.0,0
UGA.29.3_1,UGA.50.2_1,31.0,0
UGA.29.3_1,UGA.29.1_1,39.0,0
UGA.29.3_1,UGA.50.3_1,13.0,0
UGA.29.3_1,UGA.50.1_1,10.0,0
UGA.29.3_1,UGA.55.1_1,17.0,0
UGA.29.3_1,UGA.17.3_1,12.0,0
UGA.29.3_1,UGA.22.3_1,6.0,0
UGA.29.3_1,UGA.22.1_1,6.0,0
UGA.29.3_1,UGA.14.2_1,5.0,0
UGA.29.3_1,UGA.54.2_1,5.0,0
UGA.29.3_1,UGA.38.4_1,3.0,0
UGA.29.3_1,UGA.10.2_1,8.0,0
UGA.29.3_1,UGA.54.1_1,7.0,0
UGA.29.3_1,UGA.56.1_1,4.0,0
UGA.29.3_1,UGA.38.2_1,4.0,0
UGA.29.3_1,UGA.17.1_1,8.0,0
UGA.29.3_1,UGA.14.1_1,1.0,0
UGA.29.3_1,UGA.22.2_1,2.0,0
UGA.29.3_1,UGA.54.3_1,1.0,0
UGA.29.3_1,UGA.38.3_1,5.0,0
UGA.29.3_1,UGA.33.1_1,1.0,0
UGA.29.3_1,UGA.10.4_1,4.0,0
UGA.29.3_1,UGA.10.3_1,3.0,0
UGA.29.3_1,UGA.56.2_1,1.0,0
UGA.29.3_1,UGA.17.2_1,2.0,0
UGA.29.3_1,UGA.38.1_1,6.0,0
UGA.29.3_1,UGA.10.1_1,2.0,0
UGA.29.3_1,UGA.56.3_1,2.0,0
UGA.29.3_1,UGA.17.4_1,1.0,0
UGA.29.3_1,UGA.33.3_1,2.0,0
UGA.29.3_1,UGA.11.1_1,1.0,0
UGA.29.3_1,UGA.11.3_1,1.0,0
UGA.29.3_1,UGA.4.1_1,3.0,0
UGA.29.3_1,UGA.7.1_1,1.0,0
UGA.29.3_1,UGA.33.4_1,1.0,0
UGA.29.3_1,UGA.45.3_1,1.0,0
UGA.29.3_1,UGA.2.1_1,1.0,0
UGA.29.3_1,UGA.44.4_1,1.0,0
UGA.29.3_1,UGA.40.2_1,1.0,0
UGA.29.3_1,UGA.44.3_1,1.0,0
UGA.29.3_1,UGA.57.3_1,1.0,0
UGA.29.3_1,UGA.16.1_1,1.0,0
UGA.29.3_1,UGA.57.1_1,2.0,0
UGA.29.3_1,UGA.42.3_1,1.0,0
UGA.29.3_1,UGA.58.1_1,1.0,0
UGA.29.3_1,UGA.39.5_1,1.0,0
UGA.30.1_1,UGA.24.3_1,1428.0,0
UGA.30.1_1,UGA.43.2_1,1561.0,0
UGA.30.1_1,UGA.30.2_1,594.0,0
UGA.30.1_1,UGA.53.1_1,58.0,0
UGA.30.1_1,UGA.39.5_1,109.0,0
UGA.30.1_1,UGA.18.1_1,170.0,0
UGA.30.1_1,UGA.24.2_1,173.0,0
UGA.30.1_1,UGA.24.1_1,107.0,0
UGA.30.1_1,UGA.53.2_1,40.0,0
UGA.30.1_1,UGA.13.2_1,45.0,0
UGA.30.1_1,UGA.51.1_1,19.0,0
UGA.30.1_1,UGA.39.2_1,31.0,0
UGA.30.1_1,UGA.42.2_1,23.0,0
UGA.30.1_1,UGA.13.3_1,4.0,0
UGA.30.1_1,UGA.43.3_1,29.0,0
UGA.30.1_1,UGA.18.2_1,18.0,0
UGA.30.1_1,UGA.39.7_1,17.0,0
UGA.30.1_1,UGA.13.1_1,12.0,0
UGA.30.1_1,UGA.9.2_1,28.0,0
UGA.30.1_1,UGA.5.2_1,2.0,0
UGA.30.1_1,UGA.35.1_1,13.0,0
UGA.30.1_1,UGA.25.1_1,30.0,0
UGA.30.1_1,UGA.35.3_1,11.0,0
UGA.30.1_1,UGA.5.1_1,13.0,0
UGA.30.1_1,UGA.21.2_1,21.0,0
UGA.30.1_1,UGA.39.4_1,8.0,0
UGA.30.1_1,UGA.6.1_1,8.0,0
UGA.30.1_1,UGA.43.1_1,5.0,0
UGA.30.1_1,UGA.43.4_1,11.0,0
UGA.30.1_1,UGA.35.2_1,21.0,0
UGA.30.1_1,UGA.35.4_1,7.0,0
UGA.30.1_1,UGA.9.1_1,14.0,0
UGA.30.1_1,UGA.42.1_1,2.0,0
UGA.30.1_1,UGA.39.6_1,1.0,0
UGA.30.1_1,UGA.51.3_1,7.0,0
UGA.30.1_1,UGA.6.2_1,3.0,0
UGA.30.1_1,UGA.42.3_1,4.0,0
UGA.30.1_1,UGA.21.1_1,4.0,0
UGA.30.1_1,UGA.51.4_1,3.0,0
UGA.30.1_1,UGA.6.5_1,4.0,0
UGA.30.1_1,UGA.6.3_1,3.0,0
UGA.30.1_1,UGA.39.8_1,2.0,0
UGA.30.1_1,UGA.39.3_1,8.0,0
UGA.30.1_1,UGA.34.3_1,3.0,0
UGA.30.1_1,UGA.36.2_1,2.0,0
UGA.30.1_1,UGA.39.1_1,2.0,0
UGA.30.1_1,UGA.57.1_1,17.0,0
UGA.30.1_1,UGA.51.2_1,1.0,0
UGA.30.1_1,UGA.6.4_1,2.0,0
UGA.30.1_1,UGA.36.3_1,4.0,0
UGA.30.1_1,UGA.48.2_1,2.0,0
UGA.30.1_1,UGA.57.2_1,3.0,0
UGA.30.1_1,UGA.34.2_1,3.0,0
UGA.30.1_1,UGA.48.1_1,3.0,0
UGA.30.1_1,UGA.52.1_1,4.0,0
UGA.30.1_1,UGA.57.3_1,13.0,0
UGA.30.1_1,UGA.36.1_1,5.0,0
UGA.30.1_1,UGA.16.1_1,9.0,0
UGA.30.1_1,UGA.46.1_1,1.0,0
UGA.30.1_1,UGA.34.1_1,1.0,0
UGA.30.1_1,UGA.44.3_1,2.0,0
UGA.30.1_1,UGA.19.1_1,1.0,0
UGA.30.1_1,UGA.12.4_1,2.0,0
UGA.30.1_1,UGA.44.4_1,1.0,0
UGA.30.1_1,UGA.23.1_1,2.0,0
UGA.30.1_1,UGA.12.1_1,1.0,0
UGA.30.1_1,UGA.12.3_1,2.0,0
UGA.30.1_1,UGA.23.2_1,2.0,0
UGA.30.1_1,UGA.47.3_1,1.0,0
UGA.30.1_1,UGA.2.3_1,1.0,0
UGA.30.1_1,UGA.12.2_1,1.0,0
UGA.30.1_1,UGA.44.1_1,2.0,0
UGA.30.1_1,UGA.17.4_1,2.0,0
UGA.30.1_1,UGA.17.2_1,4.0,0
UGA.30.1_1,UGA.11.3_1,1.0,0
UGA.30.1_1,UGA.2.2_1,2.0,0
UGA.30.1_1,UGA.17.1_1,1.0,0
UGA.30.1_1,UGA.3.4_1,1.0,0
UGA.30.1_1,UGA.2.4_1,3.0,0
UGA.30.1_1,UGA.10.3_1,1.0,0
UGA.30.1_1,UGA.17.3_1,2.0,0
UGA.30.1_1,UGA.3.1_1,3.0,0
UGA.30.1_1,UGA.3.2_1,1.0,0
UGA.30.1_1,UGA.10.1_1,2.0,0
UGA.30.1_1,UGA.8.2_1,1.0,0
UGA.30.1_1,UGA.3.5_1,1.0,0
UGA.30.1_1,UGA.4.1_1,3.0,0
UGA.30.1_1,UGA.50.3_1,1.0,0
UGA.30.1_1,UGA.33.5_1,1.0,0
UGA.30.1_1,UGA.55.4_1,1.0,0
UGA.30.1_1,UGA.56.1_1,1.0,0
UGA.30.1_1,UGA.50.2_1,1.0,0
UGA.30.1_1,UGA.56.2_1,1.0,0
UGA.30.1_1,UGA.58.1_1,1.0,0
UGA.30.1_1,UGA.38.2_1,2.0,0
UGA.30.1_1,UGA.29.1_1,2.0,0
UGA.30.1_1,UGA.28.3_1,2.0,0
UGA.30.1_1,UGA.27.1_1,1.0,0
UGA.30.1_1,UGA.45.1_1,1.0,0
UGA.30.2_1,UGA.13.2_1,2169.0,0
UGA.30.2_1,UGA.18.1_1,1136.0,0
UGA.30.2_1,UGA.13.3_1,111.0,0
UGA.30.2_1,UGA.24.2_1,655.0,0
UGA.30.2_1,UGA.30.1_1,394.0,0
UGA.30.2_1,UGA.24.3_1,103.0,0
UGA.30.2_1,UGA.5.2_1,38.0,0
UGA.30.2_1,UGA.13.1_1,111.0,0
UGA.30.2_1,UGA.5.1_1,97.0,0
UGA.30.2_1,UGA.39.5_1,71.0,0
UGA.30.2_1,UGA.24.1_1,118.0,0
UGA.30.2_1,UGA.43.2_1,121.0,0
UGA.30.2_1,UGA.18.2_1,30.0,0
UGA.30.2_1,UGA.9.2_1,42.0,0
UGA.30.2_1,UGA.39.2_1,44.0,0
UGA.30.2_1,UGA.53.1_1,11.0,0
UGA.30.2_1,UGA.21.2_1,51.0,0
UGA.30.2_1,UGA.31.1_1,1.0,0
UGA.30.2_1,UGA.21.1_1,46.0,0
UGA.30.2_1,UGA.51.1_1,6.0,0
UGA.30.2_1,UGA.39.7_1,13.0,0
UGA.30.2_1,UGA.6.1_1,14.0,0
UGA.30.2_1,UGA.53.2_1,13.0,0
UGA.30.2_1,UGA.9.1_1,24.0,0
UGA.30.2_1,UGA.43.3_1,23.0,0
UGA.30.2_1,UGA.6.2_1,5.0,0
UGA.30.2_1,UGA.39.4_1,16.0,0
UGA.30.2_1,UGA.42.2_1,8.0,0
UGA.30.2_1,UGA.25.1_1,22.0,0
UGA.30.2_1,UGA.35.1_1,7.0,0
UGA.30.2_1,UGA.6.3_1,8.0,0
UGA.30.2_1,UGA.39.6_1,9.0,0
UGA.30.2_1,UGA.6.5_1,10.0,0
UGA.30.2_1,UGA.36.2_1,3.0,0
UGA.30.2_1,UGA.35.3_1,9.0,0
UGA.30.2_1,UGA.39.8_1,6.0,0
UGA.30.2_1,UGA.43.4_1,9.0,0
UGA.30.2_1,UGA.43.1_1,3.0,0
UGA.30.2_1,UGA.6.4_1,4.0,0
UGA.30.2_1,UGA.35.2_1,21.0,0
UGA.30.2_1,UGA.35.4_1,1.0,0
UGA.30.2_1,UGA.51.3_1,7.0,0
UGA.30.2_1,UGA.39.3_1,7.0,0
UGA.30.2_1,UGA.42.1_1,3.0,0
UGA.30.2_1,UGA.52.1_1,4.0,0
UGA.30.2_1,UGA.36.1_1,3.0,0
UGA.30.2_1,UGA.36.3_1,4.0,0
UGA.30.2_1,UGA.34.3_1,9.0,0
UGA.30.2_1,UGA.39.1_1,4.0,0
UGA.30.2_1,UGA.48.1_1,2.0,0
UGA.30.2_1,UGA.48.2_1,5.0,0
UGA.30.2_1,UGA.51.4_1,4.0,0
UGA.30.2_1,UGA.42.3_1,7.0,0
UGA.30.2_1,UGA.52.2_1,1.0,0
UGA.30.2_1,UGA.19.1_1,3.0,0
UGA.30.2_1,UGA.51.2_1,5.0,0
UGA.30.2_1,UGA.57.1_1,25.0,0
UGA.30.2_1,UGA.48.3_1,1.0,0
UGA.30.2_1,UGA.34.2_1,4.0,0
UGA.30.2_1,UGA.47.3_1,2.0,0
UGA.30.2_1,UGA.47.2_1,1.0,0
UGA.30.2_1,UGA.57.2_1,2.0,0
UGA.30.2_1,UGA.46.1_1,2.0,0
UGA.30.2_1,UGA.12.4_1,1.0,0
UGA.30.2_1,UGA.36.4_1,5.0,0
UGA.30.2_1,UGA.57.3_1,16.0,0
UGA.30.2_1,UGA.16.1_1,18.0,0
UGA.30.2_1,UGA.47.1_1,2.0,0
UGA.30.2_1,UGA.12.3_1,2.0,0
UGA.30.2_1,UGA.34.1_1,1.0,0
UGA.30.2_1,UGA.44.3_1,4.0,0
UGA.30.2_1,UGA.2.3_1,1.0,0
UGA.30.2_1,UGA.44.4_1,1.0,0
UGA.30.2_1,UGA.8.4_1,2.0,0
UGA.30.2_1,UGA.3.7_1,1.0,0
UGA.30.2_1,UGA.23.1_1,1.0,0
UGA.30.2_1,UGA.3.4_1,1.0,0
UGA.30.2_1,UGA.23.2_1,1.0,0
UGA.30.2_1,UGA.3.1_1,1.0,0
UGA.30.2_1,UGA.44.1_1,2.0,0
UGA.30.2_1,UGA.3.2_1,1.0,0
UGA.30.2_1,UGA.2.2_1,1.0,0
UGA.30.2_1,UGA.17.2_1,5.0,0
UGA.30.2_1,UGA.17.4_1,1.0,0
UGA.30.2_1,UGA.11.3_1,2.0,0
UGA.30.2_1,UGA.17.1_1,2.0,0
UGA.30.2_1,UGA.3.6_1,1.0,0
UGA.30.2_1,UGA.3.5_1,3.0,0
UGA.30.2_1,UGA.44.2_1,1.0,0
UGA.30.2_1,UGA.2.1_1,1.0,0
UGA.30.2_1,UGA.8.3_1,1.0,0
UGA.30.2_1,UGA.33.1_1,1.0,0
UGA.30.2_1,UGA.1.1_1,1.0,0
UGA.30.2_1,UGA.10.3_1,3.0,0
UGA.30.2_1,UGA.33.2_1,1.0,0
UGA.30.2_1,UGA.37.1_1,1.0,0
UGA.30.2_1,UGA.8.1_1,1.0,0
UGA.30.2_1,UGA.14.2_1,1.0,0
UGA.30.2_1,UGA.58.1_1,1.0,0
UGA.30.2_1,UGA.55.2_1,1.0,0
UGA.30.2_1,UGA.50.4_1,1.0,0
UGA.30.2_1,UGA.50.3_1,2.0,0
UGA.30.2_1,UGA.56.2_1,1.0,0
UGA.30.2_1,UGA.29.2_1,1.0,0
UGA.30.2_1,UGA.29.1_1,1.0,0
UGA.30.2_1,UGA.38.2_1,1.0,0
UGA.30.2_1,UGA.28.3_1,1.0,0
UGA.30.2_1,UGA.38.3_1,1.0,0
UGA.30.2_1,UGA.40.1_1,1.0,0
UGA.30.2_1,UGA.20.1_1,1.0,0
UGA.30.2_1,UGA.28.1_1,1.0,0
UGA.31.1_1,UGA.9.2_1,79.0,0
UGA.31.1_1,UGA.9.1_1,1.0,0
UGA.31.1_1,UGA.20.2_1,1.0,0
UGA.32.1_1,UGA.15.2_1,221.0,0
UGA.32.1_1,UGA.44.2_1,509.0,0
UGA.32.1_1,UGA.57.2_1,255.0,0
UGA.32.1_1,UGA.44.3_1,400.0,0
UGA.32.1_1,UGA.15.1_1,8.0,0
UGA.32.1_1,UGA.44.1_1,100.0,0
UGA.32.1_1,UGA.16.1_1,90.0,0
UGA.32.1_1,UGA.57.1_1,21.0,0
UGA.32.1_1,UGA.57.3_1,14.0,0
UGA.32.1_1,UGA.42.3_1,2.0,0
UGA.32.1_1,UGA.37.1_1,2.0,0
UGA.32.1_1,UGA.11.1_1,2.0,0
UGA.32.1_1,UGA.44.4_1,2.0,0
UGA.32.1_1,UGA.23.2_1,1.0,0
UGA.32.1_1,UGA.4.1_1,3.0,0
UGA.32.1_1,UGA.35.3_1,1.0,0
UGA.32.1_1,UGA.17.4_1,1.0,0
UGA.32.1_1,UGA.10.1_1,1.0,0
UGA.32.1_1,UGA.10.3_1,2.0,0
UGA.32.1_1,UGA.10.4_1,2.0,0
UGA.32.1_1,UGA.43.4_1,2.0,0
UGA.32.1_1,UGA.35.2_1,1.0,0
UGA.32.1_1,UGA.35.1_1,1.0,0
UGA.32.1_1,UGA.51.4_1,1.0,0
UGA.32.1_1,UGA.42.2_1,1.0,0
UGA.32.1_1,UGA.51.2_1,1.0,0
UGA.32.1_1,UGA.17.3_1,1.0,0
UGA.32.1_1,UGA.34.3_1,1.0,0
UGA.32.1_1,UGA.51.3_1,1.0,0
UGA.32.1_1,UGA.43.2_1,1.0,0
UGA.32.1_1,UGA.46.1_1,1.0,0
UGA.32.1_1,UGA.38.3_1,1.0,0
UGA.32.1_1,UGA.39.8_1,1.0,0
UGA.32.1_1,UGA.18.1_1,1.0,0
UGA.33.1_1,UGA.14.1_1,901.0,0
UGA.33.1_1,UGA.14.2_1,414.0,0
UGA.33.1_1,UGA.2.2_1,332.0,0
UGA.33.1_1,UGA.33.4_1,77.0,0
UGA.33.1_1,UGA.33.5_1,148.0,0
UGA.33.1_1,UGA.33.2_1,107.0,0
UGA.33.1_1,UGA.33.3_1,40.0,0
UGA.33.1_1,UGA.2.1_1,43.0,0
UGA.33.1_1,UGA.55.1_1,10.0,0
UGA.33.1_1,UGA.55.4_1,35.0,0
UGA.33.1_1,UGA.22.1_1,23.0,0
UGA.33.1_1,UGA.55.3_1,2.0,0
UGA.33.1_1,UGA.33.6_1,9.0,0
UGA.33.1_1,UGA.55.2_1,12.0,0
UGA.33.1_1,UGA.2.3_1,6.0,0
UGA.33.1_1,UGA.17.1_1,15.0,0
UGA.33.1_1,UGA.22.2_1,8.0,0
UGA.33.1_1,UGA.2.4_1,20.0,0
UGA.33.1_1,UGA.29.3_1,6.0,0
UGA.33.1_1,UGA.23.1_1,5.0,0
UGA.33.1_1,UGA.46.1_1,6.0,0
UGA.33.1_1,UGA.50.4_1,3.0,0
UGA.33.1_1,UGA.17.2_1,3.0,0
UGA.33.1_1,UGA.8.5_1,6.0,0
UGA.33.1_1,UGA.17.3_1,6.0,0
UGA.33.1_1,UGA.22.3_1,3.0,0
UGA.33.1_1,UGA.29.2_1,6.0,0
UGA.33.1_1,UGA.49.1_1,1.0,0
UGA.33.1_1,UGA.49.2_1,2.0,0
UGA.33.1_1,UGA.28.3_1,2.0,0
UGA.33.1_1,UGA.36.4_1,4.0,0
UGA.33.1_1,UGA.50.2_1,1.0,0
UGA.33.1_1,UGA.50.3_1,4.0,0
UGA.33.1_1,UGA.8.2_1,1.0,0
UGA.33.1_1,UGA.10.4_1,2.0,0
UGA.33.1_1,UGA.17.4_1,1.0,0
UGA.33.1_1,UGA.34.1_1,1.0,0
UGA.33.1_1,UGA.29.1_1,3.0,0
UGA.33.1_1,UGA.10.2_1,2.0,0
UGA.33.1_1,UGA.40.1_1,3.0,0
UGA.33.1_1,UGA.8.1_1,2.0,0
UGA.33.1_1,UGA.50.1_1,3.0,0
UGA.33.1_1,UGA.10.3_1,1.0,0
UGA.33.1_1,UGA.36.3_1,2.0,0
UGA.33.1_1,UGA.11.3_1,1.0,0
UGA.33.1_1,UGA.56.1_1,2.0,0
UGA.33.1_1,UGA.8.4_1,1.0,0
UGA.33.1_1,UGA.11.1_1,1.0,0
UGA.33.1_1,UGA.10.1_1,1.0,0
UGA.33.1_1,UGA.54.1_1,1.0,0
UGA.33.1_1,UGA.38.2_1,1.0,0
UGA.33.1_1,UGA.27.1_1,1.0,0
UGA.33.1_1,UGA.36.2_1,1.0,0
UGA.33.1_1,UGA.56.2_1,1.0,0
UGA.33.1_1,UGA.8.3_1,1.0,0
UGA.33.1_1,UGA.20.2_1,1.0,0
UGA.33.1_1,UGA.57.3_1,2.0,0
UGA.33.1_1,UGA.25.1_1,2.0,0
UGA.33.1_1,UGA.44.1_1,1.0,0
UGA.33.1_1,UGA.37.1_1,1.0,0
UGA.33.1_1,UGA.4.1_1,1.0,0
UGA.33.1_1,UGA.16.1_1,1.0,0
UGA.33.1_1,UGA.24.1_1,1.0,0
UGA.33.1_1,UGA.9.2_1,1.0,0
UGA.33.1_1,UGA.43.2_1,1.0,0
UGA.33.1_1,UGA.3.7_1,1.0,0
UGA.33.1_1,UGA.3.1_1,1.0,0
UGA.33.1_1,UGA.3.2_1,1.0,0
UGA.33.1_1,UGA.13.2_1,1.0,0
UGA.33.1_1,UGA.13.3_1,1.0,0
UGA.33.1_1,UGA.39.2_1,1.0,0
UGA.33.2_1,UGA.33.4_1,948.0,0
UGA.33.2_1,UGA.2.1_1,1198.0,0
UGA.33.2_1,UGA.33.5_1,473.0,0
UGA.33.2_1,UGA.33.1_1,246.0,0
UGA.33.2_1,UGA.33.6_1,112.0,0
UGA.33.2_1,UGA.2.2_1,139.0,0
UGA.33.2_1,UGA.2.4_1,197.0,0
UGA.33.2_1,UGA.14.2_1,44.0,0
UGA.33.2_1,UGA.8.5_1,56.0,0
UGA.33.2_1,UGA.14.1_1,27.0,0
UGA.33.2_1,UGA.49.2_1,30.0,0
UGA.33.2_1,UGA.2.3_1,53.0,0
UGA.33.2_1,UGA.49.1_1,36.0,0
UGA.33.2_1,UGA.33.3_1,18.0,0
UGA.33.2_1,UGA.22.1_1,21.0,0
UGA.33.2_1,UGA.22.2_1,12.0,0
UGA.33.2_1,UGA.55.4_1,20.0,0
UGA.33.2_1,UGA.8.2_1,25.0,0
UGA.33.2_1,UGA.55.3_1,4.0,0
UGA.33.2_1,UGA.55.1_1,16.0,0
UGA.33.2_1,UGA.28.3_1,12.0,0
UGA.33.2_1,UGA.8.1_1,8.0,0
UGA.33.2_1,UGA.55.2_1,12.0,0
UGA.33.2_1,UGA.36.4_1,19.0,0
UGA.33.2_1,UGA.17.1_1,23.0,0
UGA.33.2_1,UGA.46.1_1,14.0,0
UGA.33.2_1,UGA.29.3_1,8.0,0
UGA.33.2_1,UGA.22.3_1,4.0,0
UGA.33.2_1,UGA.27.1_1,7.0,0
UGA.33.2_1,UGA.8.4_1,7.0,0
UGA.33.2_1,UGA.23.1_1,7.0,0
UGA.33.2_1,UGA.8.3_1,4.0,0
UGA.33.2_1,UGA.28.2_1,6.0,0
UGA.33.2_1,UGA.40.1_1,10.0,0
UGA.33.2_1,UGA.27.2_1,2.0,0
UGA.33.2_1,UGA.50.4_1,9.0,0
UGA.33.2_1,UGA.29.2_1,6.0,0
UGA.33.2_1,UGA.17.2_1,7.0,0
UGA.33.2_1,UGA.36.3_1,6.0,0
UGA.33.2_1,UGA.17.3_1,6.0,0
UGA.33.2_1,UGA.34.3_1,4.0,0
UGA.33.2_1,UGA.29.1_1,4.0,0
UGA.33.2_1,UGA.34.1_1,6.0,0
UGA.33.2_1,UGA.50.3_1,3.0,0
UGA.33.2_1,UGA.1.1_1,5.0,0
UGA.33.2_1,UGA.17.4_1,3.0,0
UGA.33.2_1,UGA.36.2_1,1.0,0
UGA.33.2_1,UGA.36.1_1,2.0,0
UGA.33.2_1,UGA.10.4_1,2.0,0
UGA.33.2_1,UGA.34.2_1,6.0,0
UGA.33.2_1,UGA.10.2_1,4.0,0
UGA.33.2_1,UGA.23.2_1,2.0,0
UGA.33.2_1,UGA.50.1_1,3.0,0
UGA.33.2_1,UGA.47.1_1,1.0,0
UGA.33.2_1,UGA.54.2_1,2.0,0
UGA.33.2_1,UGA.10.3_1,7.0,0
UGA.33.2_1,UGA.45.1_1,1.0,0
UGA.33.2_1,UGA.28.1_1,1.0,0
UGA.33.2_1,UGA.56.1_1,2.0,0
UGA.33.2_1,UGA.44.4_1,1.0,0
UGA.33.2_1,UGA.38.4_1,2.0,0
UGA.33.2_1,UGA.20.3_1,1.0,0
UGA.33.2_1,UGA.54.1_1,4.0,0
UGA.33.2_1,UGA.25.1_1,6.0,0
UGA.33.2_1,UGA.38.2_1,2.0,0
UGA.33.2_1,UGA.11.1_1,1.0,0
UGA.33.2_1,UGA.10.1_1,1.0,0
UGA.33.2_1,UGA.47.3_1,4.0,0
UGA.33.2_1,UGA.3.4_1,3.0,0
UGA.33.2_1,UGA.9.1_1,2.0,0
UGA.33.2_1,UGA.11.2_1,1.0,0
UGA.33.2_1,UGA.56.2_1,2.0,0
UGA.33.2_1,UGA.57.3_1,11.0,0
UGA.33.2_1,UGA.38.1_1,4.0,0
UGA.33.2_1,UGA.45.3_1,1.0,0
UGA.33.2_1,UGA.56.4_1,1.0,0
UGA.33.2_1,UGA.20.1_1,1.0,0
UGA.33.2_1,UGA.3.6_1,1.0,0
UGA.33.2_1,UGA.37.1_1,1.0,0
UGA.33.2_1,UGA.16.1_1,3.0,0
UGA.33.2_1,UGA.4.1_1,2.0,0
UGA.33.2_1,UGA.47.2_1,1.0,0
UGA.33.2_1,UGA.57.1_1,3.0,0
UGA.33.2_1,UGA.24.1_1,2.0,0
UGA.33.2_1,UGA.43.3_1,1.0,0
UGA.33.2_1,UGA.7.1_1,2.0,0
UGA.33.2_1,UGA.3.2_1,1.0,0
UGA.33.2_1,UGA.3.5_1,1.0,0
UGA.33.2_1,UGA.57.2_1,1.0,0
UGA.33.2_1,UGA.3.3_1,1.0,0
UGA.33.2_1,UGA.42.3_1,2.0,0
UGA.33.2_1,UGA.30.1_1,2.0,0
UGA.33.2_1,UGA.32.1_1,1.0,0
UGA.33.2_1,UGA.35.1_1,1.0,0
UGA.33.2_1,UGA.21.1_1,1.0,0
UGA.33.2_1,UGA.6.2_1,1.0,0
UGA.33.3_1,UGA.2.2_1,1102.0,0
UGA.33.3_1,UGA.2.3_1,311.0,0
UGA.33.3_1,UGA.14.1_1,85.0,0
UGA.33.3_1,UGA.46.1_1,90.0,0
UGA.33.3_1,UGA.33.1_1,74.0,0
UGA.33.3_1,UGA.23.1_1,33.0,0
UGA.33.3_1,UGA.55.1_1,31.0,0
UGA.33.3_1,UGA.17.1_1,52.0,0
UGA.33.3_1,UGA.14.2_1,14.0,0
UGA.33.3_1,UGA.33.4_1,5.0,0
UGA.33.3_1,UGA.2.1_1,23.0,0
UGA.33.3_1,UGA.17.2_1,21.0,0
UGA.33.3_1,UGA.33.2_1,15.0,0
UGA.33.3_1,UGA.34.1_1,13.0,0
UGA.33.3_1,UGA.2.4_1,14.0,0
UGA.33.3_1,UGA.55.2_1,9.0,0
UGA.33.3_1,UGA.34.3_1,6.0,0
UGA.33.3_1,UGA.33.5_1,5.0,0
UGA.33.3_1,UGA.34.2_1,10.0,0
UGA.33.3_1,UGA.55.4_1,5.0,0
UGA.33.3_1,UGA.55.3_1,1.0,0
UGA.33.3_1,UGA.36.4_1,5.0,0
UGA.33.3_1,UGA.17.3_1,2.0,0
UGA.33.3_1,UGA.17.4_1,1.0,0
UGA.33.3_1,UGA.36.3_1,1.0,0
UGA.33.3_1,UGA.23.2_1,3.0,0
UGA.33.3_1,UGA.22.1_1,4.0,0
UGA.33.3_1,UGA.50.4_1,2.0,0
UGA.33.3_1,UGA.29.3_1,3.0,0
UGA.33.3_1,UGA.33.6_1,1.0,0
UGA.33.3_1,UGA.8.5_1,1.0,0
UGA.33.3_1,UGA.11.3_1,2.0,0
UGA.33.3_1,UGA.25.1_1,1.0,0
UGA.33.3_1,UGA.36.2_1,1.0,0
UGA.33.3_1,UGA.57.3_1,7.0,0
UGA.33.3_1,UGA.50.3_1,1.0,0
UGA.33.3_1,UGA.8.2_1,1.0,0
UGA.33.3_1,UGA.8.4_1,1.0,0
UGA.33.3_1,UGA.43.4_1,2.0,0
UGA.33.3_1,UGA.16.1_1,4.0,0
UGA.33.3_1,UGA.44.3_1,1.0,0
UGA.33.3_1,UGA.57.1_1,3.0,0
UGA.33.3_1,UGA.56.1_1,2.0,0
UGA.33.3_1,UGA.28.3_1,1.0,0
UGA.33.3_1,UGA.24.1_1,1.0,0
UGA.33.3_1,UGA.38.2_1,1.0,0
UGA.33.3_1,UGA.42.1_1,1.0,0
UGA.33.3_1,UGA.47.1_1,1.0,0
UGA.33.3_1,UGA.7.1_1,1.0,0
UGA.33.3_1,UGA.24.3_1,1.0,0
UGA.33.3_1,UGA.58.1_1,1.0,0
UGA.33.3_1,UGA.51.3_1,1.0,0
UGA.33.3_1,UGA.51.2_1,1.0,0
UGA.43.4_1,UGA.43.1_1,772.0,0
UGA.43.4_1,UGA.43.3_1,1008.0,0
UGA.43.4_1,UGA.42.1_1,150.0,0
UGA.43.4_1,UGA.57.1_1,594.0,0
UGA.43.4_1,UGA.42.3_1,43.0,0
UGA.43.4_1,UGA.42.2_1,34.0,0
UGA.43.4_1,UGA.57.3_1,131.0,0
UGA.43.4_1,UGA.34.2_1,22.0,0
UGA.43.4_1,UGA.34.3_1,5.0,0
UGA.43.4_1,UGA.16.1_1,32.0,0
UGA.43.4_1,UGA.25.1_1,7.0,0
UGA.43.4_1,UGA.57.2_1,2.0,0
UGA.43.4_1,UGA.35.3_1,8.0,0
UGA.43.4_1,UGA.43.2_1,8.0,0
UGA.43.4_1,UGA.34.1_1,7.0,0
UGA.43.4_1,UGA.44.3_1,6.0,0
UGA.43.4_1,UGA.44.4_1,3.0,0
UGA.43.4_1,UGA.53.2_1,1.0,0
UGA.43.4_1,UGA.35.4_1,1.0,0
UGA.43.4_1,UGA.24.1_1,6.0,0
UGA.43.4_1,UGA.23.2_1,1.0,0
UGA.43.4_1,UGA.44.1_1,4.0,0
UGA.43.4_1,UGA.23.1_1,1.0,0
UGA.43.4_1,UGA.53.1_1,2.0,0
UGA.43.4_1,UGA.35.2_1,2.0,0
UGA.43.4_1,UGA.24.3_1,3.0,0
UGA.43.4_1,UGA.30.1_1,3.0,0
UGA.43.4_1,UGA.17.4_1,2.0,0
UGA.43.4_1,UGA.11.3_1,1.0,0
UGA.43.4_1,UGA.17.2_1,4.0,0
UGA.43.4_1,UGA.36.3_1,2.0,0
UGA.43.4_1,UGA.11.1_1,2.0,0
UGA.43.4_1,UGA.9.1_1,3.0,0
UGA.43.4_1,UGA.9.2_1,2.0,0
UGA.43.4_1,UGA.33.3_1,1.0,0
UGA.43.4_1,UGA.10.4_1,1.0,0
UGA.43.4_1,UGA.17.1_1,1.0,0
UGA.43.4_1,UGA.24.2_1,2.0,0
UGA.43.4_1,UGA.39.5_1,3.0,0
UGA.43.4_1,UGA.51.3_1,4.0,0
UGA.43.4_1,UGA.30.2_1,1.0,0
UGA.43.4_1,UGA.10.3_1,1.0,0
UGA.43.4_1,UGA.37.1_1,1.0,0
UGA.43.4_1,UGA.17.3_1,3.0,0
UGA.43.4_1,UGA.18.1_1,1.0,0
UGA.43.4_1,UGA.36.4_1,1.0,0
UGA.43.4_1,UGA.2.2_1,1.0,0
UGA.43.4_1,UGA.14.1_1,2.0,0
UGA.43.4_1,UGA.4.1_1,4.0,0
UGA.43.4_1,UGA.13.2_1,1.0,0
UGA.43.4_1,UGA.50.4_1,1.0,0
UGA.43.4_1,UGA.33.1_1,2.0,0
UGA.43.4_1,UGA.39.3_1,1.0,0
UGA.43.4_1,UGA.21.2_1,2.0,0
UGA.43.4_1,UGA.22.1_1,1.0,0
UGA.43.4_1,UGA.38.1_1,1.0,0
UGA.43.4_1,UGA.33.6_1,1.0,0
UGA.43.4_1,UGA.48.3_1,1.0,0
UGA.43.4_1,UGA.3.4_1,1.0,0
UGA.43.4_1,UGA.20.3_1,1.0,0
UGA.43.4_1,UGA.12.4_1,1.0,0
UGA.43.4_1,UGA.3.2_1,1.0,0
UGA.43.4_1,UGA.28.3_1,1.0,0
UGA.43.4_1,UGA.58.1_1,1.0,0
UGA.44.1_1,UGA.11.2_1,763.0,0
UGA.44.1_1,UGA.44.2_1,698.0,0
UGA.44.1_1,UGA.44.3_1,1675.0,0
UGA.44.1_1,UGA.11.3_1,407.0,0
UGA.44.1_1,UGA.44.4_1,279.0,0
UGA.44.1_1,UGA.11.1_1,177.0,0
UGA.44.1_1,UGA.23.2_1,163.0,0
UGA.44.1_1,UGA.16.1_1,541.0,0
UGA.44.1_1,UGA.17.4_1,35.0,0
UGA.44.1_1,UGA.57.3_1,185.0,0
UGA.44.1_1,UGA.37.1_1,53.0,0
UGA.44.1_1,UGA.10.4_1,19.0,0
UGA.44.1_1,UGA.10.3_1,20.0,0
UGA.44.1_1,UGA.34.1_1,5.0,0
UGA.44.1_1,UGA.57.2_1,2.0,0
UGA.44.1_1,UGA.57.1_1,57.0,0
UGA.44.1_1,UGA.10.1_1,11.0,0
UGA.44.1_1,UGA.17.2_1,14.0,0
UGA.44.1_1,UGA.34.2_1,9.0,0
UGA.44.1_1,UGA.32.1_1,3.0,0
UGA.44.1_1,UGA.4.1_1,20.0,0
UGA.44.1_1,UGA.23.1_1,5.0,0
UGA.44.1_1,UGA.10.2_1,3.0,0
UGA.44.1_1,UGA.17.3_1,8.0,0
UGA.44.1_1,UGA.42.3_1,4.0,0
UGA.44.1_1,UGA.17.1_1,14.0,0
UGA.44.1_1,UGA.42.1_1,1.0,0
UGA.44.1_1,UGA.43.4_1,9.0,0
UGA.44.1_1,UGA.7.1_1,8.0,0
UGA.44.1_1,UGA.43.1_1,4.0,0
UGA.44.1_1,UGA.56.1_1,9.0,0
UGA.44.1_1,UGA.50.3_1,3.0,0
UGA.44.1_1,UGA.56.2_1,7.0,0
UGA.44.1_1,UGA.50.4_1,4.0,0
UGA.44.1_1,UGA.34.3_1,7.0,0
UGA.44.1_1,UGA.55.1_1,1.0,0
UGA.44.1_1,UGA.46.1_1,2.0,0
UGA.44.1_1,UGA.50.1_1,2.0,0
UGA.44.1_1,UGA.56.4_1,1.0,0
UGA.44.1_1,UGA.55.2_1,3.0,0
UGA.44.1_1,UGA.43.3_1,1.0,0
UGA.44.1_1,UGA.35.3_1,2.0,0
UGA.44.1_1,UGA.33.3_1,1.0,0
UGA.44.1_1,UGA.42.2_1,2.0,0
UGA.44.1_1,UGA.38.2_1,4.0,0
UGA.44.1_1,UGA.38.4_1,1.0,0
UGA.44.1_1,UGA.14.1_1,2.0,0
UGA.44.1_1,UGA.38.1_1,4.0,0
UGA.44.1_1,UGA.25.1_1,6.0,0
UGA.44.1_1,UGA.29.2_1,1.0,0
UGA.44.1_1,UGA.29.1_1,3.0,0
UGA.44.1_1,UGA.54.1_1,1.0,0
UGA.44.1_1,UGA.38.3_1,2.0,0
UGA.44.1_1,UGA.55.4_1,5.0,0
UGA.44.1_1,UGA.35.2_1,3.0,0
UGA.44.1_1,UGA.33.1_1,1.0,0
UGA.44.1_1,UGA.53.2_1,1.0,0
UGA.44.1_1,UGA.2.3_1,3.0,0
UGA.44.1_1,UGA.43.2_1,1.0,0
UGA.44.1_1,UGA.54.3_1,1.0,0
UGA.44.1_1,UGA.54.2_1,2.0,0
UGA.44.1_1,UGA.22.1_1,1.0,0
UGA.44.1_1,UGA.36.3_1,1.0,0
UGA.44.1_1,UGA.24.1_1,2.0,0
UGA.44.1_1,UGA.20.1_1,1.0,0
UGA.44.1_1,UGA.51.2_1,3.0,0
UGA.44.1_1,UGA.33.5_1,3.0,0
UGA.44.1_1,UGA.2.1_1,2.0,0
UGA.44.1_1,UGA.36.4_1,2.0,0
UGA.44.1_1,UGA.30.1_1,5.0,0
UGA.44.1_1,UGA.45.1_1,2.0,0
UGA.44.1_1,UGA.2.4_1,1.0,0
UGA.44.1_1,UGA.33.6_1,1.0,0
UGA.44.1_1,UGA.39.5_1,1.0,0
UGA.44.1_1,UGA.24.2_1,2.0,0
UGA.44.1_1,UGA.39.1_1,1.0,0
UGA.44.1_1,UGA.30.2_1,1.0,0
UGA.44.1_1,UGA.40.1_1,2.0,0
UGA.44.1_1,UGA.18.1_1,1.0,0
UGA.44.1_1,UGA.39.4_1,2.0,0
UGA.44.1_1,UGA.8.2_1,1.0,0
UGA.44.1_1,UGA.39.3_1,1.0,0
UGA.44.1_1,UGA.47.1_1,2.0,0
UGA.44.1_1,UGA.28.2_1,1.0,0
UGA.44.1_1,UGA.21.2_1,1.0,0
UGA.44.1_1,UGA.5.1_1,1.0,0
UGA.44.1_1,UGA.6.2_1,1.0,0
UGA.44.1_1,UGA.27.1_1,1.0,0
UGA.44.1_1,UGA.48.1_1,1.0,0
UGA.44.1_1,UGA.21.1_1,1.0,0
UGA.44.1_1,UGA.3.7_1,1.0,0
UGA.44.1_1,UGA.52.2_1,1.0,0
UGA.44.1_1,UGA.19.1_1,1.0,0
UGA.44.1_1,UGA.58.1_1,3.0,0
UGA.44.1_1,UGA.26.1_1,1.0,0
UGA.44.1_1,UGA.3.3_1,1.0,0
UGA.44.2_1,UGA.11.2_1,508.0,0
UGA.44.2_1,UGA.44.1_1,416.0,0
UGA.44.2_1,UGA.37.1_1,89.0,0
UGA.44.2_1,UGA.11.1_1,16.0,0
UGA.44.2_1,UGA.11.3_1,13.0,0
UGA.44.2_1,UGA.44.3_1,20.0,0
UGA.44.2_1,UGA.10.1_1,5.0,0
UGA.44.2_1,UGA.44.4_1,8.0,0
UGA.44.2_1,UGA.4.1_1,8.0,0
UGA.44.2_1,UGA.10.3_1,9.0,0
UGA.44.2_1,UGA.23.2_1,2.0,0
UGA.44.2_1,UGA.10.4_1,1.0,0
UGA.44.2_1,UGA.16.1_1,6.0,0
UGA.44.2_1,UGA.32.1_1,2.0,0
UGA.44.2_1,UGA.57.3_1,2.0,0
UGA.44.2_1,UGA.7.1_1,1.0,0
UGA.44.2_1,UGA.57.2_1,1.0,0
UGA.44.2_1,UGA.17.2_1,2.0,0
UGA.44.2_1,UGA.57.1_1,1.0,0
UGA.44.2_1,UGA.56.1_1,1.0,0
UGA.44.2_1,UGA.43.3_1,1.0,0
UGA.44.2_1,UGA.6.5_1,1.0,0
UGA.44.2_1,UGA.47.3_1,1.0,0
UGA.44.3_1,UGA.16.1_1,4233.0,0
UGA.44.3_1,UGA.57.3_1,479.0,0
UGA.44.3_1,UGA.44.1_1,89.0,0
UGA.44.3_1,UGA.44.4_1,41.0,0
UGA.44.3_1,UGA.57.1_1,128.0,0
UGA.44.3_1,UGA.57.2_1,13.0,0
UGA.44.3_1,UGA.23.2_1,16.0,0
UGA.44.3_1,UGA.11.2_1,5.0,0
UGA.44.3_1,UGA.44.2_1,8.0,0
UGA.44.3_1,UGA.11.3_1,13.0,0
UGA.44.3_1,UGA.34.1_1,14.0,0
UGA.44.3_1,UGA.11.1_1,16.0,0
UGA.44.3_1,UGA.34.2_1,15.0,0
UGA.44.3_1,UGA.42.3_1,10.0,0
UGA.44.3_1,UGA.17.4_1,6.0,0
UGA.44.3_1,UGA.42.1_1,9.0,0
UGA.44.3_1,UGA.43.1_1,4.0,0
UGA.44.3_1,UGA.43.4_1,8.0,0
UGA.44.3_1,UGA.32.1_1,5.0,0
UGA.44.3_1,UGA.37.1_1,20.0,0
UGA.44.3_1,UGA.10.4_1,11.0,0
UGA.44.3_1,UGA.17.2_1,8.0,0
UGA.44.3_1,UGA.23.1_1,12.0,0
UGA.44.3_1,UGA.15.1_1,1.0,0
UGA.44.3_1,UGA.10.3_1,17.0,0
UGA.44.3_1,UGA.10.1_1,4.0,0
UGA.44.3_1,UGA.34.3_1,10.0,0
UGA.44.3_1,UGA.35.3_1,3.0,0
UGA.44.3_1,UGA.4.1_1,12.0,0
UGA.44.3_1,UGA.43.3_1,9.0,0
UGA.44.3_1,UGA.17.1_1,5.0,0
UGA.44.3_1,UGA.42.2_1,3.0,0
UGA.44.3_1,UGA.17.3_1,1.0,0
UGA.44.3_1,UGA.10.2_1,8.0,0
UGA.44.3_1,UGA.46.1_1,6.0,0
UGA.44.3_1,UGA.35.4_1,1.0,0
UGA.44.3_1,UGA.35.1_1,3.0,0
UGA.44.3_1,UGA.25.1_1,9.0,0
UGA.44.3_1,UGA.7.1_1,6.0,0
UGA.44.3_1,UGA.50.3_1,3.0,0
UGA.44.3_1,UGA.50.4_1,3.0,0
UGA.44.3_1,UGA.55.1_1,1.0,0
UGA.44.3_1,UGA.35.2_1,2.0,0
UGA.44.3_1,UGA.56.1_1,5.0,0
UGA.44.3_1,UGA.56.2_1,5.0,0
UGA.44.3_1,UGA.33.3_1,3.0,0
UGA.44.3_1,UGA.53.2_1,3.0,0
UGA.44.3_1,UGA.43.2_1,8.0,0
UGA.44.3_1,UGA.55.2_1,4.0,0
UGA.44.3_1,UGA.50.1_1,6.0,0
UGA.44.3_1,UGA.51.4_1,1.0,0
UGA.44.3_1,UGA.14.1_1,2.0,0
UGA.44.3_1,UGA.50.2_1,2.0,0
UGA.44.3_1,UGA.56.4_1,1.0,0
UGA.44.3_1,UGA.29.3_1,1.0,0
UGA.44.3_1,UGA.53.1_1,1.0,0
UGA.44.3_1,UGA.38.2_1,2.0,0
UGA.44.3_1,UGA.24.1_1,6.0,0
UGA.44.3_1,UGA.2.3_1,3.0,0
UGA.44.3_1,UGA.2.2_1,2.0,0
UGA.44.3_1,UGA.51.1_1,1.0,0
UGA.44.3_1,UGA.38.1_1,2.0,0
UGA.44.3_1,UGA.33.1_1,1.0,0
UGA.44.3_1,UGA.29.2_1,1.0,0
UGA.44.3_1,UGA.51.2_1,2.0,0
UGA.44.3_1,UGA.55.4_1,2.0,0
UGA.44.3_1,UGA.29.1_1,5.0,0
UGA.44.3_1,UGA.30.1_1,1.0,0
UGA.44.3_1,UGA.38.3_1,4.0,0
UGA.44.3_1,UGA.9.1_1,2.0,0
UGA.44.3_1,UGA.54.2_1,1.0,0
UGA.44.3_1,UGA.36.4_1,1.0,0
UGA.44.3_1,UGA.22.1_1,2.0,0
UGA.44.3_1,UGA.39.7_1,3.0,0
UGA.44.3_1,UGA.20.3_1,1.0,0
UGA.44.3_1,UGA.39.5_1,1.0,0
UGA.44.3_1,UGA.2.1_1,4.0,0
UGA.44.3_1,UGA.24.2_1,3.0,0
UGA.44.3_1,UGA.22.3_1,1.0,0
UGA.44.3_1,UGA.39.1_1,1.0,0
UGA.44.3_1,UGA.2.4_1,4.0,0
UGA.44.3_1,UGA.30.2_1,2.0,0
UGA.44.3_1,UGA.18.1_1,3.0,0
UGA.44.3_1,UGA.39.4_1,1.0,0
UGA.44.3_1,UGA.39.2_1,1.0,0
UGA.44.3_1,UGA.39.3_1,1.0,0
UGA.44.3_1,UGA.8.5_1,3.0,0
UGA.44.3_1,UGA.18.2_1,2.0,0
UGA.44.3_1,UGA.8.4_1,1.0,0
UGA.44.3_1,UGA.8.2_1,1.0,0
UGA.44.3_1,UGA.6.5_1,2.0,0
UGA.44.3_1,UGA.13.1_1,1.0,0
UGA.44.3_1,UGA.48.2_1,2.0,0
UGA.44.3_1,UGA.21.2_1,1.0,0
UGA.44.3_1,UGA.6.3_1,1.0,0
UGA.44.3_1,UGA.5.1_1,1.0,0
UGA.44.3_1,UGA.6.2_1,1.0,0
UGA.44.3_1,UGA.48.1_1,1.0,0
UGA.44.3_1,UGA.21.1_1,3.0,0
UGA.44.3_1,UGA.1.1_1,1.0,0
UGA.44.3_1,UGA.3.7_1,1.0,0
UGA.44.3_1,UGA.19.1_1,1.0,0
UGA.44.3_1,UGA.3.2_1,1.0,0
UGA.44.3_1,UGA.41.2_1,1.0,0
UGA.44.3_1,UGA.3.3_1,1.0,0
UGA.44.4_1,UGA.23.2_1,1337.0,0
UGA.44.4_1,UGA.34.1_1,372.0,0
UGA.44.4_1,UGA.57.3_1,617.0,0
UGA.44.4_1,UGA.11.3_1,31.0,0
UGA.44.4_1,UGA.44.1_1,34.0,0
UGA.44.4_1,UGA.44.3_1,31.0,0
UGA.44.4_1,UGA.17.4_1,10.0,0
UGA.44.4_1,UGA.16.1_1,56.0,0
UGA.44.4_1,UGA.11.2_1,1.0,0
UGA.44.4_1,UGA.34.2_1,4.0,0
UGA.44.4_1,UGA.11.1_1,3.0,0
UGA.44.4_1,UGA.17.2_1,6.0,0
UGA.44.4_1,UGA.23.1_1,1.0,0
UGA.44.4_1,UGA.57.1_1,12.0,0
UGA.44.4_1,UGA.10.4_1,2.0,0
UGA.44.4_1,UGA.44.2_1,1.0,0
UGA.44.4_1,UGA.10.3_1,1.0,0
UGA.44.4_1,UGA.57.2_1,1.0,0
UGA.44.4_1,UGA.37.1_1,4.0,0
UGA.44.4_1,UGA.17.1_1,1.0,0
UGA.44.4_1,UGA.10.1_1,2.0,0
UGA.44.4_1,UGA.43.4_1,1.0,0
UGA.44.4_1,UGA.17.3_1,2.0,0
UGA.44.4_1,UGA.42.3_1,5.0,0
UGA.44.4_1,UGA.43.1_1,1.0,0
UGA.44.4_1,UGA.46.1_1,3.0,0
UGA.44.4_1,UGA.10.2_1,5.0,0
UGA.44.4_1,UGA.42.1_1,1.0,0
UGA.44.4_1,UGA.4.1_1,4.0,0
UGA.44.4_1,UGA.50.4_1,1.0,0
UGA.44.4_1,UGA.33.3_1,2.0,0
UGA.44.4_1,UGA.50.3_1,2.0,0
UGA.44.4_1,UGA.43.3_1,1.0,0
UGA.44.4_1,UGA.56.1_1,1.0,0
UGA.44.4_1,UGA.56.2_1,1.0,0
UGA.44.4_1,UGA.2.2_1,1.0,0
UGA.44.4_1,UGA.14.2_1,1.0,0
UGA.44.4_1,UGA.56.4_1,1.0,0
UGA.44.4_1,UGA.55.3_1,1.0,0
UGA.44.4_1,UGA.55.4_1,1.0,0
UGA.44.4_1,UGA.38.2_1,1.0,0
UGA.44.4_1,UGA.29.2_1,1.0,0
UGA.44.4_1,UGA.43.2_1,1.0,0
UGA.44.4_1,UGA.36.3_1,2.0,0
UGA.44.4_1,UGA.38.1_1,1.0,0
UGA.44.4_1,UGA.53.2_1,1.0,0
UGA.44.4_1,UGA.54.1_1,1.0,0
UGA.44.4_1,UGA.33.4_1,1.0,0
UGA.44.4_1,UGA.36.4_1,1.0,0
UGA.44.4_1,UGA.51.4_1,1.0,0
UGA.44.4_1,UGA.2.4_1,1.0,0
UGA.44.4_1,UGA.30.1_1,1.0,0
UGA.44.4_1,UGA.20.1_1,1.0,0
UGA.44.4_1,UGA.24.2_1,1.0,0
UGA.44.4_1,UGA.30.2_1,1.0,0
UGA.44.4_1,UGA.47.1_1,1.0,0
UGA.44.4_1,UGA.39.4_1,1.0,0
UGA.44.4_1,UGA.40.2_1,1.0,0
UGA.44.4_1,UGA.21.1_1,1.0,0
UGA.44.4_1,UGA.48.1_1,1.0,0
UGA.44.4_1,UGA.41.1_1,1.0,0
UGA.44.4_1,UGA.3.3_1,2.0,0
UGA.44.4_1,UGA.26.1_1,1.0,0
UGA.45.1_1,UGA.45.3_1,822.0,0
UGA.45.1_1,UGA.45.2_1,157.0,0
UGA.45.1_1,UGA.20.2_1,174.0,0
UGA.45.1_1,UGA.54.2_1,168.0,0
UGA.45.1_1,UGA.20.3_1,47.0,0
UGA.45.1_1,UGA.22.3_1,61.0,0
UGA.45.1_1,UGA.20.1_1,30.0,0
UGA.45.1_1,UGA.29.1_1,47.0,0
UGA.45.1_1,UGA.54.3_1,8.0,0
UGA.45.1_1,UGA.54.1_1,30.0,0
UGA.45.1_1,UGA.29.2_1,24.0,0
UGA.45.1_1,UGA.40.1_1,15.0,0
UGA.45.1_1,UGA.38.3_1,16.0,0
UGA.45.1_1,UGA.38.4_1,3.0,0
UGA.45.1_1,UGA.38.2_1,14.0,0
UGA.45.1_1,UGA.29.3_1,5.0,0
UGA.45.1_1,UGA.50.2_1,7.0,0
UGA.45.1_1,UGA.22.2_1,1.0,0
UGA.45.1_1,UGA.50.1_1,7.0,0
UGA.45.1_1,UGA.38.1_1,2.0,0
UGA.45.1_1,UGA.22.1_1,3.0,0
UGA.45.1_1,UGA.55.4_1,3.0,0
UGA.45.1_1,UGA.50.3_1,2.0,0
UGA.45.1_1,UGA.50.4_1,4.0,0
UGA.45.1_1,UGA.55.2_1,2.0,0
UGA.45.1_1,UGA.56.1_1,2.0,0
UGA.45.1_1,UGA.56.4_1,1.0,0
UGA.45.1_1,UGA.56.3_1,1.0,0
UGA.45.1_1,UGA.56.2_1,5.0,0
UGA.45.1_1,UGA.55.1_1,1.0,0
UGA.45.1_1,UGA.28.2_1,1.0,0
UGA.45.1_1,UGA.14.1_1,1.0,0
UGA.45.1_1,UGA.7.1_1,2.0,0
UGA.45.1_1,UGA.33.1_1,2.0,0
UGA.45.1_1,UGA.10.1_1,2.0,0
UGA.45.1_1,UGA.17.1_1,2.0,0
UGA.45.1_1,UGA.10.3_1,2.0,0
UGA.45.1_1,UGA.4.1_1,2.0,0
UGA.45.1_1,UGA.49.1_1,1.0,0
UGA.45.1_1,UGA.17.2_1,2.0,0
UGA.45.1_1,UGA.33.2_1,3.0,0
UGA.45.1_1,UGA.37.1_1,1.0,0
UGA.45.1_1,UGA.27.1_1,1.0,0
UGA.45.1_1,UGA.44.4_1,1.0,0
UGA.45.1_1,UGA.44.1_1,1.0,0
UGA.45.1_1,UGA.57.3_1,1.0,0
UGA.45.1_1,UGA.16.1_1,2.0,0
UGA.45.1_1,UGA.36.4_1,2.0,0
UGA.45.1_1,UGA.8.3_1,1.0,0
UGA.45.1_1,UGA.25.1_1,1.0,0
UGA.45.1_1,UGA.47.3_1,1.0,0
UGA.45.1_1,UGA.19.1_1,1.0,0
UGA.45.2_1,UGA.45.1_1,541.0,0
UGA.45.2_1,UGA.40.3_1,7.0,0
UGA.45.2_1,UGA.45.3_1,72.0,0
UGA.45.2_1,UGA.40.1_1,40.0,0
UGA.45.2_1,UGA.40.2_1,15.0,0
UGA.45.2_1,UGA.22.3_1,16.0,0
UGA.45.2_1,UGA.20.2_1,5.0,0
UGA.45.2_1,UGA.54.2_1,13.0,0
UGA.45.2_1,UGA.20.3_1,3.0,0
UGA.45.2_1,UGA.20.1_1,2.0,0
UGA.45.2_1,UGA.22.2_1,2.0,0
UGA.45.2_1,UGA.29.1_1,3.0,0
UGA.45.2_1,UGA.29.2_1,4.0,0
UGA.45.2_1,UGA.54.3_1,1.0,0
UGA.45.2_1,UGA.22.1_1,2.0,0
UGA.45.2_1,UGA.54.1_1,1.0,0
UGA.45.2_1,UGA.29.3_1,1.0,0
UGA.45.2_1,UGA.55.4_1,1.0,0
UGA.45.2_1,UGA.38.2_1,1.0,0
UGA.45.2_1,UGA.38.1_1,2.0,0
UGA.45.2_1,UGA.33.6_1,1.0,0
UGA.45.2_1,UGA.55.1_1,1.0,0
UGA.45.2_1,UGA.56.2_1,1.0,0
UGA.45.2_1,UGA.17.3_1,1.0,0
UGA.45.2_1,UGA.10.2_1,1.0,0
UGA.45.2_1,UGA.7.1_1,2.0,0
UGA.45.2_1,UGA.16.1_1,1.0,0
UGA.45.2_1,UGA.21.2_1,1.0,0
UGA.45.2_1,UGA.21.1_1,1.0,0
UGA.45.3_1,UGA.45.1_1,788.0,0
UGA.45.3_1,UGA.45.2_1,156.0,0
UGA.45.3_1,UGA.20.2_1,137.0,0
UGA.45.3_1,UGA.20.1_1,82.0,0
UGA.45.3_1,UGA.20.3_1,66.0,0
UGA.45.3_1,UGA.54.2_1,70.0,0
UGA.45.3_1,UGA.54.3_1,20.0,0
UGA.45.3_1,UGA.40.3_1,1.0,0
UGA.45.3_1,UGA.22.3_1,39.0,0
UGA.45.3_1,UGA.54.1_1,37.0,0
UGA.45.3_1,UGA.29.1_1,26.0,0
UGA.45.3_1,UGA.40.2_1,7.0,0
UGA.45.3_1,UGA.40.1_1,9.0,0
UGA.45.3_1,UGA.38.3_1,21.0,0
UGA.45.3_1,UGA.29.2_1,11.0,0
UGA.45.3_1,UGA.38.4_1,2.0,0
UGA.45.3_1,UGA.38.2_1,17.0,0
UGA.45.3_1,UGA.38.1_1,10.0,0
UGA.45.3_1,UGA.50.1_1,3.0,0
UGA.45.3_1,UGA.22.2_1,2.0,0
UGA.45.3_1,UGA.22.1_1,3.0,0
UGA.45.3_1,UGA.55.4_1,3.0,0
UGA.45.3_1,UGA.50.3_1,3.0,0
UGA.45.3_1,UGA.56.3_1,1.0,0
UGA.45.3_1,UGA.56.1_1,2.0,0
UGA.45.3_1,UGA.50.4_1,1.0,0
UGA.45.3_1,UGA.56.2_1,3.0,0
UGA.45.3_1,UGA.55.2_1,1.0,0
UGA.45.3_1,UGA.28.3_1,2.0,0
UGA.45.3_1,UGA.10.2_1,4.0,0
UGA.45.3_1,UGA.28.2_1,2.0,0
UGA.45.3_1,UGA.14.2_1,2.0,0
UGA.45.3_1,UGA.17.3_1,3.0,0
UGA.45.3_1,UGA.7.1_1,2.0,0
UGA.45.3_1,UGA.33.6_1,1.0,0
UGA.45.3_1,UGA.4.1_1,1.0,0
UGA.45.3_1,UGA.10.3_1,1.0,0
UGA.45.3_1,UGA.17.1_1,3.0,0
UGA.45.3_1,UGA.10.4_1,2.0,0
UGA.45.3_1,UGA.17.2_1,1.0,0
UGA.45.3_1,UGA.33.2_1,1.0,0
UGA.45.3_1,UGA.37.1_1,2.0,0
UGA.45.3_1,UGA.11.3_1,1.0,0
UGA.45.3_1,UGA.2.1_1,1.0,0
UGA.45.3_1,UGA.44.1_1,1.0,0
UGA.45.3_1,UGA.2.3_1,1.0,0
UGA.45.3_1,UGA.2.4_1,1.0,0
UGA.45.3_1,UGA.57.3_1,1.0,0
UGA.45.3_1,UGA.8.1_1,1.0,0
UGA.45.3_1,UGA.34.3_1,1.0,0
UGA.45.3_1,UGA.15.1_1,1.0,0
UGA.45.3_1,UGA.30.2_1,1.0,0
UGA.46.1_1,UGA.34.3_1,1258.0,0
UGA.46.1_1,UGA.33.3_1,300.0,0
UGA.46.1_1,UGA.23.1_1,165.0,0
UGA.46.1_1,UGA.2.3_1,153.0,0
UGA.46.1_1,UGA.34.2_1,121.0,0
UGA.46.1_1,UGA.34.1_1,38.0,0
UGA.46.1_1,UGA.2.2_1,51.0,0
UGA.46.1_1,UGA.36.3_1,39.0,0
UGA.46.1_1,UGA.17.1_1,37.0,0
UGA.46.1_1,UGA.25.1_1,42.0,0
UGA.46.1_1,UGA.17.2_1,20.0,0
UGA.46.1_1,UGA.14.1_1,4.0,0
UGA.46.1_1,UGA.36.4_1,16.0,0
UGA.46.1_1,UGA.55.1_1,3.0,0
UGA.46.1_1,UGA.23.2_1,8.0,0
UGA.46.1_1,UGA.44.4_1,5.0,0
UGA.46.1_1,UGA.33.1_1,6.0,0
UGA.46.1_1,UGA.36.2_1,1.0,0
UGA.46.1_1,UGA.17.4_1,1.0,0
UGA.46.1_1,UGA.43.4_1,7.0,0
UGA.46.1_1,UGA.57.3_1,19.0,0
UGA.46.1_1,UGA.2.1_1,2.0,0
UGA.46.1_1,UGA.2.4_1,6.0,0
UGA.46.1_1,UGA.16.1_1,17.0,0
UGA.46.1_1,UGA.11.3_1,1.0,0
UGA.46.1_1,UGA.57.1_1,3.0,0
UGA.46.1_1,UGA.33.2_1,2.0,0
UGA.46.1_1,UGA.55.2_1,1.0,0
UGA.46.1_1,UGA.9.1_1,1.0,0
UGA.46.1_1,UGA.44.3_1,5.0,0
UGA.46.1_1,UGA.24.1_1,1.0,0
UGA.46.1_1,UGA.11.2_1,1.0,0
UGA.46.1_1,UGA.55.3_1,1.0,0
UGA.46.1_1,UGA.55.4_1,2.0,0
UGA.46.1_1,UGA.42.1_1,1.0,0
UGA.46.1_1,UGA.42.3_1,1.0,0
UGA.46.1_1,UGA.29.3_1,1.0,0
UGA.46.1_1,UGA.50.3_1,1.0,0
UGA.46.1_1,UGA.8.2_1,1.0,0
UGA.46.1_1,UGA.44.2_1,1.0,0
UGA.46.1_1,UGA.35.3_1,1.0,0
UGA.46.1_1,UGA.15.1_1,1.0,0
UGA.46.1_1,UGA.8.3_1,1.0,0
UGA.46.1_1,UGA.7.1_1,1.0,0
UGA.46.1_1,UGA.3.4_1,1.0,0
UGA.46.1_1,UGA.40.1_1,1.0,0
UGA.46.1_1,UGA.3.2_1,1.0,0
UGA.46.1_1,UGA.5.1_1,1.0,0
UGA.46.1_1,UGA.3.3_1,1.0,0
UGA.46.1_1,UGA.21.2_1,1.0,0
UGA.46.1_1,UGA.6.4_1,1.0,0
UGA.46.1_1,UGA.52.1_1,1.0,0
UGA.47.1_1,UGA.47.3_1,1176.0,0
UGA.47.1_1,UGA.3.4_1,212.0,0
UGA.47.1_1,UGA.8.4_1,165.0,0
UGA.47.1_1,UGA.47.2_1,90.0,0
UGA.47.1_1,UGA.36.1_1,39.0,0
UGA.47.1_1,UGA.3.7_1,31.0,0
UGA.47.1_1,UGA.3.1_1,13.0,0
UGA.47.1_1,UGA.3.6_1,39.0,0
UGA.47.1_1,UGA.3.2_1,36.0,0
UGA.47.1_1,UGA.36.4_1,20.0,0
UGA.47.1_1,UGA.8.3_1,14.0,0
UGA.47.1_1,UGA.1.1_1,8.0,0
UGA.47.1_1,UGA.3.5_1,5.0,0
UGA.47.1_1,UGA.36.2_1,1.0,0
UGA.47.1_1,UGA.36.3_1,8.0,0
UGA.47.1_1,UGA.8.2_1,3.0,0
UGA.47.1_1,UGA.31.1_1,1.0,0
UGA.47.1_1,UGA.9.1_1,10.0,0
UGA.47.1_1,UGA.58.1_1,13.0,0
UGA.47.1_1,UGA.3.3_1,6.0,0
UGA.47.1_1,UGA.8.5_1,3.0,0
UGA.47.1_1,UGA.2.4_1,6.0,0
UGA.47.1_1,UGA.8.1_1,3.0,0
UGA.47.1_1,UGA.2.3_1,2.0,0
UGA.47.1_1,UGA.9.2_1,7.0,0
UGA.47.1_1,UGA.2.1_1,2.0,0
UGA.47.1_1,UGA.2.2_1,3.0,0
UGA.47.1_1,UGA.24.1_1,1.0,0
UGA.47.1_1,UGA.25.1_1,3.0,0
UGA.47.1_1,UGA.46.1_1,1.0,0
UGA.47.1_1,UGA.49.2_1,2.0,0
UGA.47.1_1,UGA.24.2_1,4.0,0
UGA.47.1_1,UGA.33.2_1,1.0,0
UGA.47.1_1,UGA.33.3_1,2.0,0
UGA.47.1_1,UGA.34.3_1,1.0,0
UGA.47.1_1,UGA.27.2_1,1.0,0
UGA.47.1_1,UGA.33.1_1,1.0,0
UGA.47.1_1,UGA.33.5_1,1.0,0
UGA.47.1_1,UGA.30.2_1,2.0,0
UGA.47.1_1,UGA.34.2_1,2.0,0
UGA.47.1_1,UGA.30.1_1,1.0,0
UGA.47.1_1,UGA.27.1_1,1.0,0
UGA.47.1_1,UGA.13.2_1,1.0,0
UGA.47.1_1,UGA.17.1_1,1.0,0
UGA.47.1_1,UGA.17.2_1,2.0,0
UGA.47.1_1,UGA.42.2_1,1.0,0
UGA.47.1_1,UGA.55.4_1,1.0,0
UGA.47.1_1,UGA.18.1_1,1.0,0
UGA.47.1_1,UGA.57.3_1,3.0,0
UGA.47.1_1,UGA.23.2_1,1.0,0
UGA.47.1_1,UGA.57.1_1,1.0,0
UGA.47.1_1,UGA.16.1_1,1.0,0
UGA.47.1_1,UGA.10.4_1,2.0,0
UGA.47.1_1,UGA.50.4_1,1.0,0
UGA.47.1_1,UGA.18.2_1,1.0,0
UGA.47.1_1,UGA.11.1_1,1.0,0
UGA.47.1_1,UGA.44.1_1,1.0,0
UGA.47.1_1,UGA.29.1_1,1.0,0
UGA.47.1_1,UGA.50.1_1,1.0,0
UGA.47.1_1,UGA.39.4_1,1.0,0
UGA.47.1_1,UGA.7.1_1,1.0,0
UGA.47.2_1,UGA.47.3_1,1569.0,0
UGA.47.2_1,UGA.3.7_1,327.0,0
UGA.47.2_1,UGA.3.4_1,241.0,0
UGA.47.2_1,UGA.47.1_1,142.0,0
UGA.47.2_1,UGA.3.1_1,48.0,0
UGA.47.2_1,UGA.3.2_1,179.0,0
UGA.47.2_1,UGA.3.6_1,81.0,0
UGA.47.2_1,UGA.3.5_1,74.0,0
UGA.47.2_1,UGA.36.1_1,34.0,0
UGA.47.2_1,UGA.31.1_1,1.0,0
UGA.47.2_1,UGA.8.4_1,47.0,0
UGA.47.2_1,UGA.3.3_1,42.0,0
UGA.47.2_1,UGA.58.1_1,81.0,0
UGA.47.2_1,UGA.9.1_1,19.0,0
UGA.47.2_1,UGA.41.1_1,1.0,0
UGA.47.2_1,UGA.1.1_1,8.0,0
UGA.47.2_1,UGA.36.2_1,5.0,0
UGA.47.2_1,UGA.36.4_1,19.0,0
UGA.47.2_1,UGA.8.3_1,12.0,0
UGA.47.2_1,UGA.9.2_1,17.0,0
UGA.47.2_1,UGA.36.3_1,4.0,0
UGA.47.2_1,UGA.8.2_1,9.0,0
UGA.47.2_1,UGA.41.2_1,2.0,0
UGA.47.2_1,UGA.24.2_1,11.0,0
UGA.47.2_1,UGA.8.1_1,5.0,0
UGA.47.2_1,UGA.8.5_1,5.0,0
UGA.47.2_1,UGA.24.1_1,11.0,0
UGA.47.2_1,UGA.2.4_1,10.0,0
UGA.47.2_1,UGA.5.2_1,1.0,0
UGA.47.2_1,UGA.2.3_1,4.0,0
UGA.47.2_1,UGA.24.3_1,5.0,0
UGA.47.2_1,UGA.25.1_1,5.0,0
UGA.47.2_1,UGA.30.2_1,5.0,0
UGA.47.2_1,UGA.2.1_1,3.0,0
UGA.47.2_1,UGA.46.1_1,2.0,0
UGA.47.2_1,UGA.2.2_1,3.0,0
UGA.47.2_1,UGA.34.3_1,3.0,0
UGA.47.2_1,UGA.13.3_1,1.0,0
UGA.47.2_1,UGA.13.2_1,2.0,0
UGA.47.2_1,UGA.5.1_1,5.0,0
UGA.47.2_1,UGA.49.2_1,3.0,0
UGA.47.2_1,UGA.33.3_1,1.0,0
UGA.47.2_1,UGA.30.1_1,3.0,0
UGA.47.2_1,UGA.43.2_1,4.0,0
UGA.47.2_1,UGA.33.2_1,2.0,0
UGA.47.2_1,UGA.13.1_1,1.0,0
UGA.47.2_1,UGA.43.3_1,3.0,0
UGA.47.2_1,UGA.18.1_1,3.0,0
UGA.47.2_1,UGA.34.2_1,2.0,0
UGA.47.2_1,UGA.33.5_1,1.0,0
UGA.47.2_1,UGA.14.1_1,1.0,0
UGA.47.2_1,UGA.23.1_1,1.0,0
UGA.47.2_1,UGA.42.2_1,1.0,0
UGA.47.2_1,UGA.21.2_1,1.0,0
UGA.47.2_1,UGA.17.1_1,1.0,0
UGA.47.2_1,UGA.21.1_1,1.0,0
UGA.47.2_1,UGA.57.3_1,7.0,0
UGA.47.2_1,UGA.17.2_1,1.0,0
UGA.47.2_1,UGA.57.1_1,1.0,0
UGA.47.2_1,UGA.35.3_1,1.0,0
UGA.47.2_1,UGA.16.1_1,1.0,0
UGA.47.2_1,UGA.55.2_1,1.0,0
UGA.47.2_1,UGA.17.4_1,1.0,0
UGA.47.2_1,UGA.35.4_1,1.0,0
UGA.47.2_1,UGA.10.4_1,1.0,0
UGA.47.2_1,UGA.10.3_1,1.0,0
UGA.47.2_1,UGA.22.3_1,1.0,0
UGA.47.2_1,UGA.29.2_1,1.0,0
UGA.47.2_1,UGA.6.4_1,2.0,0
UGA.47.2_1,UGA.39.8_1,1.0,0
UGA.47.2_1,UGA.52.1_1,1.0,0
UGA.47.2_1,UGA.40.1_1,1.0,0
UGA.47.2_1,UGA.29.1_1,1.0,0
UGA.47.2_1,UGA.19.1_1,1.0,0
UGA.47.2_1,UGA.32.1_1,1.0,0
UGA.47.3_1,UGA.47.1_1,1207.0,0
UGA.47.3_1,UGA.47.2_1,698.0,0
UGA.47.3_1,UGA.3.4_1,238.0,0
UGA.47.3_1,UGA.3.7_1,147.0,0
UGA.47.3_1,UGA.36.1_1,86.0,0
UGA.47.3_1,UGA.3.1_1,57.0,0
UGA.47.3_1,UGA.3.2_1,130.0,0
UGA.47.3_1,UGA.8.4_1,83.0,0
UGA.47.3_1,UGA.3.6_1,65.0,0
UGA.47.3_1,UGA.3.5_1,37.0,0
UGA.47.3_1,UGA.31.1_1,2.0,0
UGA.47.3_1,UGA.36.4_1,44.0,0
UGA.47.3_1,UGA.36.2_1,7.0,0
UGA.47.3_1,UGA.9.1_1,40.0,0
UGA.47.3_1,UGA.36.3_1,22.0,0
UGA.47.3_1,UGA.1.1_1,17.0,0
UGA.47.3_1,UGA.8.3_1,14.0,0
UGA.47.3_1,UGA.41.1_1,3.0,0
UGA.47.3_1,UGA.58.1_1,27.0,0
UGA.47.3_1,UGA.3.3_1,12.0,0
UGA.47.3_1,UGA.9.2_1,12.0,0
UGA.47.3_1,UGA.8.2_1,9.0,0
UGA.47.3_1,UGA.2.4_1,18.0,0
UGA.47.3_1,UGA.8.5_1,13.0,0
UGA.47.3_1,UGA.8.1_1,4.0,0
UGA.47.3_1,UGA.41.2_1,2.0,0
UGA.47.3_1,UGA.2.3_1,5.0,0
UGA.47.3_1,UGA.24.1_1,9.0,0
UGA.47.3_1,UGA.24.2_1,10.0,0
UGA.47.3_1,UGA.25.1_1,7.0,0
UGA.47.3_1,UGA.2.1_1,10.0,0
UGA.47.3_1,UGA.24.3_1,3.0,0
UGA.47.3_1,UGA.2.2_1,1.0,0
UGA.47.3_1,UGA.46.1_1,2.0,0
UGA.47.3_1,UGA.34.3_1,1.0,0
UGA.47.3_1,UGA.33.4_1,1.0,0
UGA.47.3_1,UGA.33.3_1,1.0,0
UGA.47.3_1,UGA.49.2_1,4.0,0
UGA.47.3_1,UGA.33.2_1,2.0,0
UGA.47.3_1,UGA.30.2_1,8.0,0
UGA.47.3_1,UGA.27.2_1,1.0,0
UGA.47.3_1,UGA.43.2_1,6.0,0
UGA.47.3_1,UGA.33.1_1,2.0,0
UGA.47.3_1,UGA.43.3_1,2.0,0
UGA.47.3_1,UGA.13.2_1,3.0,0
UGA.47.3_1,UGA.30.1_1,3.0,0
UGA.47.3_1,UGA.5.1_1,2.0,0
UGA.47.3_1,UGA.34.2_1,1.0,0
UGA.47.3_1,UGA.33.5_1,2.0,0
UGA.47.3_1,UGA.14.1_1,1.0,0
UGA.47.3_1,UGA.43.4_1,2.0,0
UGA.47.3_1,UGA.23.1_1,4.0,0
UGA.47.3_1,UGA.34.1_1,1.0,0
UGA.47.3_1,UGA.13.1_1,1.0,0
UGA.47.3_1,UGA.49.1_1,1.0,0
UGA.47.3_1,UGA.18.1_1,2.0,0
UGA.47.3_1,UGA.55.1_1,2.0,0
UGA.47.3_1,UGA.43.1_1,1.0,0
UGA.47.3_1,UGA.27.1_1,1.0,0
UGA.47.3_1,UGA.17.2_1,3.0,0
UGA.47.3_1,UGA.39.5_1,1.0,0
UGA.47.3_1,UGA.57.3_1,5.0,0
UGA.47.3_1,UGA.57.1_1,3.0,0
UGA.47.3_1,UGA.42.3_1,1.0,0
UGA.47.3_1,UGA.55.2_1,1.0,0
UGA.47.3_1,UGA.16.1_1,7.0,0
UGA.47.3_1,UGA.35.3_1,1.0,0
UGA.47.3_1,UGA.17.3_1,1.0,0
UGA.47.3_1,UGA.10.4_1,1.0,0
UGA.47.3_1,UGA.21.1_1,2.0,0
UGA.47.3_1,UGA.29.3_1,1.0,0
UGA.47.3_1,UGA.50.2_1,1.0,0
UGA.47.3_1,UGA.51.3_1,2.0,0
UGA.47.3_1,UGA.6.5_1,1.0,0
UGA.47.3_1,UGA.4.1_1,1.0,0
UGA.47.3_1,UGA.38.2_1,1.0,0
UGA.47.3_1,UGA.20.3_1,1.0,0
UGA.47.3_1,UGA.7.1_1,1.0,0
UGA.47.3_1,UGA.38.3_1,1.0,0
UGA.47.3_1,UGA.38.1_1,1.0,0
UGA.48.1_1,UGA.52.2_1,755.0,0
UGA.48.1_1,UGA.48.3_1,194.0,0
UGA.48.1_1,UGA.6.4_1,125.0,0
UGA.48.1_1,UGA.48.2_1,87.0,0
UGA.48.1_1,UGA.6.5_1,37.0,0
UGA.48.1_1,UGA.12.4_1,15.0,0
UGA.48.1_1,UGA.6.3_1,15.0,0
UGA.48.1_1,UGA.52.1_1,13.0,0
UGA.48.1_1,UGA.39.8_1,7.0,0
UGA.48.1_1,UGA.19.1_1,15.0,0
UGA.48.1_1,UGA.12.3_1,3.0,0
UGA.48.1_1,UGA.12.1_1,1.0,0
UGA.48.1_1,UGA.12.2_1,6.0,0
UGA.48.1_1,UGA.6.1_1,3.0,0
UGA.48.1_1,UGA.39.6_1,3.0,0
UGA.48.1_1,UGA.39.3_1,5.0,0
UGA.48.1_1,UGA.6.2_1,6.0,0
UGA.48.1_1,UGA.39.4_1,6.0,0
UGA.48.1_1,UGA.26.1_1,6.0,0
UGA.48.1_1,UGA.39.2_1,3.0,0
UGA.48.1_1,UGA.18.2_1,2.0,0
UGA.48.1_1,UGA.39.1_1,2.0,0
UGA.48.1_1,UGA.39.7_1,5.0,0
UGA.48.1_1,UGA.21.1_1,1.0,0
UGA.48.1_1,UGA.21.2_1,2.0,0
UGA.48.1_1,UGA.39.5_1,2.0,0
UGA.48.1_1,UGA.51.3_1,1.0,0
UGA.48.1_1,UGA.18.1_1,2.0,0
UGA.48.1_1,UGA.51.1_1,1.0,0
UGA.48.1_1,UGA.13.1_1,2.0,0
UGA.48.1_1,UGA.13.2_1,1.0,0
UGA.48.1_1,UGA.30.1_1,1.0,0
UGA.48.1_1,UGA.30.2_1,1.0,0
UGA.48.1_1,UGA.35.1_1,1.0,0
UGA.48.1_1,UGA.35.3_1,1.0,0
UGA.48.1_1,UGA.24.3_1,2.0,0
UGA.48.1_1,UGA.43.1_1,1.0,0
UGA.48.1_1,UGA.25.1_1,1.0,0
UGA.48.1_1,UGA.16.1_1,1.0,0
UGA.48.1_1,UGA.57.3_1,1.0,0
UGA.48.1_1,UGA.34.3_1,1.0,0
UGA.48.1_1,UGA.44.3_1,1.0,0
UGA.48.1_1,UGA.23.2_1,1.0,0
UGA.48.1_1,UGA.17.1_1,1.0,0
UGA.48.1_1,UGA.56.2_1,1.0,0
UGA.48.1_1,UGA.8.5_1,1.0,0
UGA.48.1_1,UGA.58.1_1,1.0,0
UGA.48.1_1,UGA.49.1_1,1.0,0
UGA.48.2_1,UGA.39.8_1,1229.0,0
UGA.48.2_1,UGA.48.3_1,481.0,0
UGA.48.2_1,UGA.48.1_1,271.0,0
UGA.48.2_1,UGA.6.5_1,285.0,0
UGA.48.2_1,UGA.39.3_1,221.0,0
UGA.48.2_1,UGA.12.4_1,64.0,0
UGA.48.2_1,UGA.39.6_1,56.0,0
UGA.48.2_1,UGA.52.2_1,51.0,0
UGA.48.2_1,UGA.6.4_1,57.0,0
UGA.48.2_1,UGA.6.3_1,62.0,0
UGA.48.2_1,UGA.39.4_1,39.0,0
UGA.48.2_1,UGA.12.1_1,12.0,0
UGA.48.2_1,UGA.12.2_1,31.0,0
UGA.48.2_1,UGA.6.1_1,15.0,0
UGA.48.2_1,UGA.12.3_1,27.0,0
UGA.48.2_1,UGA.52.1_1,19.0,0
UGA.48.2_1,UGA.39.1_1,28.0,0
UGA.48.2_1,UGA.19.1_1,18.0,0
UGA.48.2_1,UGA.6.2_1,8.0,0
UGA.48.2_1,UGA.26.1_1,20.0,0
UGA.48.2_1,UGA.39.7_1,5.0,0
UGA.48.2_1,UGA.39.2_1,14.0,0
UGA.48.2_1,UGA.18.2_1,6.0,0
UGA.48.2_1,UGA.51.3_1,8.0,0
UGA.48.2_1,UGA.39.5_1,10.0,0
UGA.48.2_1,UGA.51.1_1,3.0,0
UGA.48.2_1,UGA.21.2_1,14.0,0
UGA.48.2_1,UGA.21.1_1,3.0,0
UGA.48.2_1,UGA.18.1_1,13.0,0
UGA.48.2_1,UGA.51.4_1,5.0,0
UGA.48.2_1,UGA.53.1_1,1.0,0
UGA.48.2_1,UGA.53.2_1,5.0,0
UGA.48.2_1,UGA.35.2_1,8.0,0
UGA.48.2_1,UGA.13.1_1,2.0,0
UGA.48.2_1,UGA.35.1_1,3.0,0
UGA.48.2_1,UGA.35.4_1,1.0,0
UGA.48.2_1,UGA.30.1_1,6.0,0
UGA.48.2_1,UGA.13.2_1,3.0,0
UGA.48.2_1,UGA.13.3_1,1.0,0
UGA.48.2_1,UGA.30.2_1,5.0,0
UGA.48.2_1,UGA.35.3_1,1.0,0
UGA.48.2_1,UGA.5.1_1,6.0,0
UGA.48.2_1,UGA.42.2_1,1.0,0
UGA.48.2_1,UGA.43.2_1,3.0,0
UGA.48.2_1,UGA.24.3_1,1.0,0
UGA.48.2_1,UGA.24.2_1,3.0,0
UGA.48.2_1,UGA.43.3_1,1.0,0
UGA.48.2_1,UGA.42.1_1,2.0,0
UGA.48.2_1,UGA.43.1_1,1.0,0
UGA.48.2_1,UGA.42.3_1,1.0,0
UGA.48.2_1,UGA.24.1_1,3.0,0
UGA.48.2_1,UGA.43.4_1,1.0,0
UGA.48.2_1,UGA.57.2_1,2.0,0
UGA.48.2_1,UGA.9.2_1,4.0,0
UGA.48.2_1,UGA.57.1_1,7.0,0
UGA.48.2_1,UGA.25.1_1,1.0,0
UGA.48.2_1,UGA.16.1_1,5.0,0
UGA.48.2_1,UGA.57.3_1,7.0,0
UGA.48.2_1,UGA.32.1_1,1.0,0
UGA.48.2_1,UGA.34.3_1,2.0,0
UGA.48.2_1,UGA.44.3_1,2.0,0
UGA.48.2_1,UGA.36.2_1,1.0,0
UGA.48.2_1,UGA.44.4_1,1.0,0
UGA.48.2_1,UGA.34.1_1,1.0,0
UGA.48.2_1,UGA.23.2_1,2.0,0
UGA.48.2_1,UGA.11.3_1,2.0,0
UGA.48.2_1,UGA.23.1_1,2.0,0
UGA.48.2_1,UGA.17.4_1,1.0,0
UGA.48.2_1,UGA.17.2_1,1.0,0
UGA.48.2_1,UGA.36.4_1,2.0,0
UGA.48.2_1,UGA.37.1_1,1.0,0
UGA.48.2_1,UGA.47.2_1,3.0,0
UGA.48.2_1,UGA.3.7_1,1.0,0
UGA.48.2_1,UGA.7.1_1,1.0,0
UGA.48.2_1,UGA.50.2_1,1.0,0
UGA.48.2_1,UGA.38.4_1,1.0,0
UGA.48.2_1,UGA.38.1_1,1.0,0
UGA.48.2_1,UGA.38.3_1,1.0,0
UGA.48.3_1,UGA.12.4_1,739.0,0
UGA.48.3_1,UGA.48.1_1,285.0,0
UGA.48.3_1,UGA.52.2_1,171.0,0
UGA.48.3_1,UGA.48.2_1,144.0,0
UGA.48.3_1,UGA.12.1_1,12.0,0
UGA.48.3_1,UGA.12.2_1,54.0,0
UGA.48.3_1,UGA.12.3_1,47.0,0
UGA.48.3_1,UGA.6.4_1,24.0,0
UGA.48.3_1,UGA.39.8_1,16.0,0
UGA.48.3_1,UGA.6.5_1,11.0,0
UGA.48.3_1,UGA.19.1_1,14.0,0
UGA.48.3_1,UGA.26.1_1,13.0,0
UGA.48.3_1,UGA.52.1_1,7.0,0
UGA.48.3_1,UGA.6.3_1,5.0,0
UGA.48.3_1,UGA.39.3_1,8.0,0
UGA.48.3_1,UGA.39.4_1,4.0,0
UGA.48.3_1,UGA.6.1_1,5.0,0
UGA.48.3_1,UGA.6.2_1,1.0,0
UGA.48.3_1,UGA.39.1_1,4.0,0
UGA.48.3_1,UGA.39.7_1,1.0,0
UGA.48.3_1,UGA.39.2_1,2.0,0
UGA.48.3_1,UGA.21.1_1,4.0,0
UGA.48.3_1,UGA.51.3_1,1.0,0
UGA.48.3_1,UGA.21.2_1,3.0,0
UGA.48.3_1,UGA.39.5_1,2.0,0
UGA.48.3_1,UGA.51.1_1,1.0,0
UGA.48.3_1,UGA.18.1_1,4.0,0
UGA.48.3_1,UGA.13.1_1,2.0,0
UGA.48.3_1,UGA.35.2_1,2.0,0
UGA.48.3_1,UGA.30.1_1,1.0,0
UGA.48.3_1,UGA.35.4_1,1.0,0
UGA.48.3_1,UGA.5.1_1,3.0,0
UGA.48.3_1,UGA.30.2_1,1.0,0
UGA.48.3_1,UGA.43.2_1,2.0,0
UGA.48.3_1,UGA.24.2_1,1.0,0
UGA.48.3_1,UGA.43.1_1,1.0,0
UGA.48.3_1,UGA.42.3_1,2.0,0
UGA.48.3_1,UGA.57.1_1,1.0,0
UGA.48.3_1,UGA.16.1_1,2.0,0
UGA.48.3_1,UGA.44.3_1,1.0,0
UGA.48.3_1,UGA.33.4_1,1.0,0
UGA.48.3_1,UGA.38.2_1,1.0,0
UGA.48.3_1,UGA.38.1_1,1.0,0
UGA.49.1_1,UGA.28.3_1,995.0,0
UGA.49.1_1,UGA.33.6_1,424.0,0
UGA.49.1_1,UGA.49.2_1,350.0,0
UGA.49.1_1,UGA.27.1_1,243.0,0
UGA.49.1_1,UGA.28.2_1,137.0,0
UGA.49.1_1,UGA.33.5_1,109.0,0
UGA.49.1_1,UGA.33.2_1,93.0,0
UGA.49.1_1,UGA.33.4_1,26.0,0
UGA.49.1_1,UGA.22.2_1,17.0,0
UGA.49.1_1,UGA.2.1_1,46.0,0
UGA.49.1_1,UGA.27.2_1,14.0,0
UGA.49.1_1,UGA.8.5_1,16.0,0
UGA.49.1_1,UGA.22.1_1,16.0,0
UGA.49.1_1,UGA.8.1_1,16.0,0
UGA.49.1_1,UGA.28.1_1,8.0,0
UGA.49.1_1,UGA.33.1_1,17.0,0
UGA.49.1_1,UGA.40.1_1,13.0,0
UGA.49.1_1,UGA.2.4_1,22.0,0
UGA.49.1_1,UGA.8.2_1,8.0,0
UGA.49.1_1,UGA.14.2_1,12.0,0
UGA.49.1_1,UGA.55.4_1,14.0,0
UGA.49.1_1,UGA.2.2_1,6.0,0
UGA.49.1_1,UGA.22.3_1,6.0,0
UGA.49.1_1,UGA.55.3_1,1.0,0
UGA.49.1_1,UGA.14.1_1,3.0,0
UGA.49.1_1,UGA.40.2_1,4.0,0
UGA.49.1_1,UGA.8.3_1,2.0,0
UGA.49.1_1,UGA.2.3_1,6.0,0
UGA.49.1_1,UGA.55.1_1,3.0,0
UGA.49.1_1,UGA.33.3_1,2.0,0
UGA.49.1_1,UGA.55.2_1,5.0,0
UGA.49.1_1,UGA.29.3_1,3.0,0
UGA.49.1_1,UGA.45.2_1,2.0,0
UGA.49.1_1,UGA.8.4_1,4.0,0
UGA.49.1_1,UGA.29.2_1,2.0,0
UGA.49.1_1,UGA.1.1_1,4.0,0
UGA.49.1_1,UGA.36.4_1,3.0,0
UGA.49.1_1,UGA.45.1_1,3.0,0
UGA.49.1_1,UGA.17.1_1,3.0,0
UGA.49.1_1,UGA.50.4_1,3.0,0
UGA.49.1_1,UGA.29.1_1,4.0,0
UGA.49.1_1,UGA.54.2_1,2.0,0
UGA.49.1_1,UGA.50.2_1,1.0,0
UGA.49.1_1,UGA.17.3_1,4.0,0
UGA.49.1_1,UGA.23.1_1,3.0,0
UGA.49.1_1,UGA.45.3_1,4.0,0
UGA.49.1_1,UGA.20.3_1,1.0,0
UGA.49.1_1,UGA.20.2_1,1.0,0
UGA.49.1_1,UGA.17.2_1,1.0,0
UGA.49.1_1,UGA.50.1_1,1.0,0
UGA.49.1_1,UGA.47.1_1,2.0,0
UGA.49.1_1,UGA.10.2_1,1.0,0
UGA.49.1_1,UGA.38.2_1,4.0,0
UGA.49.1_1,UGA.36.1_1,1.0,0
UGA.49.1_1,UGA.3.4_1,1.0,0
UGA.49.1_1,UGA.58.1_1,4.0,0
UGA.49.1_1,UGA.17.4_1,1.0,0
UGA.49.1_1,UGA.34.1_1,1.0,0
UGA.49.1_1,UGA.10.3_1,2.0,0
UGA.49.1_1,UGA.3.6_1,2.0,0
UGA.49.1_1,UGA.47.3_1,2.0,0
UGA.49.1_1,UGA.23.2_1,1.0,0
UGA.49.1_1,UGA.38.1_1,1.0,0
UGA.49.1_1,UGA.34.2_1,2.0,0
UGA.49.1_1,UGA.10.1_1,1.0,0
UGA.49.1_1,UGA.11.3_1,1.0,0
UGA.49.1_1,UGA.3.7_1,1.0,0
UGA.49.1_1,UGA.57.3_1,3.0,0
UGA.49.1_1,UGA.16.1_1,3.0,0
UGA.49.1_1,UGA.43.4_1,1.0,0
UGA.49.1_1,UGA.44.2_1,1.0,0
UGA.49.1_1,UGA.57.1_1,1.0,0
UGA.49.1_1,UGA.9.2_1,1.0,0
UGA.49.1_1,UGA.42.3_1,1.0,0
UGA.49.1_1,UGA.24.2_1,1.0,0
UGA.49.1_1,UGA.42.2_1,1.0,0
UGA.49.1_1,UGA.53.2_1,1.0,0
UGA.49.1_1,UGA.35.2_1,1.0,0
UGA.49.1_1,UGA.13.2_1,2.0,0
UGA.49.1_1,UGA.18.1_1,1.0,0
UGA.49.1_1,UGA.5.1_1,1.0,0
UGA.49.1_1,UGA.39.8_1,1.0,0
UGA.49.1_1,UGA.48.1_1,1.0,0
UGA.49.2_1,UGA.49.1_1,1258.0,0
UGA.49.2_1,UGA.8.1_1,245.0,0
UGA.49.2_1,UGA.8.5_1,213.0,0
UGA.49.2_1,UGA.8.2_1,94.0,0
UGA.49.2_1,UGA.27.1_1,78.0,0
UGA.49.2_1,UGA.27.2_1,50.0,0
UGA.49.2_1,UGA.33.2_1,62.0,0
UGA.49.2_1,UGA.2.1_1,47.0,0
UGA.49.2_1,UGA.33.6_1,11.0,0
UGA.49.2_1,UGA.2.4_1,40.0,0
UGA.49.2_1,UGA.33.4_1,6.0,0
UGA.49.2_1,UGA.33.5_1,8.0,0
UGA.49.2_1,UGA.28.3_1,7.0,0
UGA.49.2_1,UGA.8.3_1,14.0,0
UGA.49.2_1,UGA.33.1_1,12.0,0
UGA.49.2_1,UGA.2.2_1,7.0,0
UGA.49.2_1,UGA.8.4_1,9.0,0
UGA.49.2_1,UGA.28.2_1,7.0,0
UGA.49.2_1,UGA.22.2_1,3.0,0
UGA.49.2_1,UGA.1.1_1,2.0,0
UGA.49.2_1,UGA.2.3_1,5.0,0
UGA.49.2_1,UGA.14.2_1,4.0,0
UGA.49.2_1,UGA.22.1_1,3.0,0
UGA.49.2_1,UGA.36.4_1,8.0,0
UGA.49.2_1,UGA.14.1_1,2.0,0
UGA.49.2_1,UGA.33.3_1,1.0,0
UGA.49.2_1,UGA.28.1_1,5.0,0
UGA.49.2_1,UGA.55.4_1,6.0,0
UGA.49.2_1,UGA.55.1_1,1.0,0
UGA.49.2_1,UGA.22.3_1,4.0,0
UGA.49.2_1,UGA.47.1_1,2.0,0
UGA.49.2_1,UGA.55.2_1,2.0,0
UGA.49.2_1,UGA.46.1_1,1.0,0
UGA.49.2_1,UGA.3.4_1,1.0,0
UGA.49.2_1,UGA.29.3_1,3.0,0
UGA.49.2_1,UGA.58.1_1,3.0,0
UGA.49.2_1,UGA.17.1_1,3.0,0
UGA.49.2_1,UGA.36.1_1,1.0,0
UGA.49.2_1,UGA.3.6_1,1.0,0
UGA.49.2_1,UGA.40.2_1,1.0,0
UGA.49.2_1,UGA.29.2_1,1.0,0
UGA.49.2_1,UGA.23.1_1,3.0,0
UGA.49.2_1,UGA.50.4_1,3.0,0
UGA.49.2_1,UGA.3.3_1,2.0,0
UGA.49.2_1,UGA.3.2_1,1.0,0
UGA.49.2_1,UGA.29.1_1,1.0,0
UGA.49.2_1,UGA.50.3_1,1.0,0
UGA.49.2_1,UGA.9.1_1,1.0,0
UGA.49.2_1,UGA.17.4_1,1.0,0
UGA.49.2_1,UGA.10.4_1,1.0,0
UGA.49.2_1,UGA.25.1_1,1.0,0
UGA.49.2_1,UGA.20.2_1,1.0,0
UGA.49.2_1,UGA.38.2_1,2.0,0
UGA.49.2_1,UGA.20.1_1,1.0,0
UGA.49.2_1,UGA.56.2_1,1.0,0
UGA.49.2_1,UGA.24.1_1,1.0,0
UGA.49.2_1,UGA.57.3_1,2.0,0
UGA.49.2_1,UGA.44.1_1,1.0,0
UGA.49.2_1,UGA.21.2_1,1.0,0
UGA.50.1_1,UGA.50.2_1,1130.0,0
UGA.50.1_1,UGA.56.1_1,669.0,0
UGA.50.1_1,UGA.50.3_1,254.0,0
UGA.50.1_1,UGA.38.4_1,67.0,0
UGA.50.1_1,UGA.38.2_1,188.0,0
UGA.50.1_1,UGA.29.1_1,75.0,0
UGA.50.1_1,UGA.54.1_1,55.0,0
UGA.50.1_1,UGA.56.2_1,58.0,0
UGA.50.1_1,UGA.10.2_1,32.0,0
UGA.50.1_1,UGA.50.4_1,19.0,0
UGA.50.1_1,UGA.56.4_1,22.0,0
UGA.50.1_1,UGA.38.1_1,22.0,0
UGA.50.1_1,UGA.38.3_1,15.0,0
UGA.50.1_1,UGA.29.2_1,15.0,0
UGA.50.1_1,UGA.56.3_1,4.0,0
UGA.50.1_1,UGA.54.3_1,2.0,0
UGA.50.1_1,UGA.54.2_1,10.0,0
UGA.50.1_1,UGA.29.3_1,8.0,0
UGA.50.1_1,UGA.17.3_1,5.0,0
UGA.50.1_1,UGA.20.3_1,3.0,0
UGA.50.1_1,UGA.10.1_1,9.0,0
UGA.50.1_1,UGA.10.3_1,14.0,0
UGA.50.1_1,UGA.55.2_1,3.0,0
UGA.50.1_1,UGA.7.1_1,7.0,0
UGA.50.1_1,UGA.4.1_1,16.0,0
UGA.50.1_1,UGA.10.4_1,4.0,0
UGA.50.1_1,UGA.20.1_1,1.0,0
UGA.50.1_1,UGA.55.4_1,7.0,0
UGA.50.1_1,UGA.37.1_1,3.0,0
UGA.50.1_1,UGA.55.1_1,2.0,0
UGA.50.1_1,UGA.22.3_1,3.0,0
UGA.50.1_1,UGA.17.1_1,2.0,0
UGA.50.1_1,UGA.17.2_1,3.0,0
UGA.50.1_1,UGA.17.4_1,2.0,0
UGA.50.1_1,UGA.45.1_1,1.0,0
UGA.50.1_1,UGA.11.3_1,2.0,0
UGA.50.1_1,UGA.11.2_1,1.0,0
UGA.50.1_1,UGA.22.1_1,4.0,0
UGA.50.1_1,UGA.23.2_1,3.0,0
UGA.50.1_1,UGA.23.1_1,1.0,0
UGA.50.1_1,UGA.45.3_1,1.0,0
UGA.50.1_1,UGA.44.1_1,3.0,0
UGA.50.1_1,UGA.33.3_1,1.0,0
UGA.50.1_1,UGA.33.5_1,1.0,0
UGA.50.1_1,UGA.44.3_1,1.0,0
UGA.50.1_1,UGA.34.2_1,1.0,0
UGA.50.1_1,UGA.57.3_1,7.0,0
UGA.50.1_1,UGA.33.6_1,1.0,0
UGA.50.1_1,UGA.16.1_1,3.0,0
UGA.50.1_1,UGA.33.2_1,3.0,0
UGA.50.1_1,UGA.2.1_1,2.0,0
UGA.50.1_1,UGA.2.3_1,1.0,0
UGA.50.1_1,UGA.57.1_1,2.0,0
UGA.50.1_1,UGA.49.1_1,1.0,0
UGA.50.1_1,UGA.2.4_1,1.0,0
UGA.50.1_1,UGA.25.1_1,1.0,0
UGA.50.1_1,UGA.36.4_1,1.0,0
UGA.50.1_1,UGA.36.3_1,2.0,0
UGA.50.1_1,UGA.43.2_1,1.0,0
UGA.50.1_1,UGA.36.1_1,1.0,0
UGA.50.1_1,UGA.24.1_1,1.0,0
UGA.50.1_1,UGA.30.1_1,1.0,0
UGA.50.1_1,UGA.47.3_1,1.0,0
UGA.50.1_1,UGA.24.2_1,1.0,0
UGA.50.1_1,UGA.3.7_1,1.0,0
UGA.50.1_1,UGA.3.1_1,1.0,0
UGA.50.1_1,UGA.39.3_1,2.0,0
UGA.50.1_1,UGA.18.2_1,1.0,0
UGA.50.1_1,UGA.21.2_1,1.0,0
UGA.50.1_1,UGA.21.1_1,1.0,0
UGA.50.2_1,UGA.50.1_1,1159.0,0
UGA.50.2_1,UGA.50.3_1,282.0,0
UGA.50.2_1,UGA.29.1_1,135.0,0
UGA.50.2_1,UGA.38.4_1,41.0,0
UGA.50.2_1,UGA.29.2_1,73.0,0
UGA.50.2_1,UGA.50.4_1,46.0,0
UGA.50.2_1,UGA.56.1_1,38.0,0
UGA.50.2_1,UGA.38.2_1,49.0,0
UGA.50.2_1,UGA.29.3_1,14.0,0
UGA.50.2_1,UGA.54.1_1,16.0,0
UGA.50.2_1,UGA.10.2_1,15.0,0
UGA.50.2_1,UGA.54.2_1,9.0,0
UGA.50.2_1,UGA.17.3_1,8.0,0
UGA.50.2_1,UGA.56.2_1,11.0,0
UGA.50.2_1,UGA.38.3_1,6.0,0
UGA.50.2_1,UGA.55.2_1,8.0,0
UGA.50.2_1,UGA.38.1_1,3.0,0
UGA.50.2_1,UGA.56.4_1,4.0,0
UGA.50.2_1,UGA.56.3_1,1.0,0
UGA.50.2_1,UGA.55.3_1,2.0,0
UGA.50.2_1,UGA.10.3_1,3.0,0
UGA.50.2_1,UGA.10.1_1,2.0,0
UGA.50.2_1,UGA.55.4_1,2.0,0
UGA.50.2_1,UGA.20.2_1,2.0,0
UGA.50.2_1,UGA.10.4_1,3.0,0
UGA.50.2_1,UGA.22.3_1,1.0,0
UGA.50.2_1,UGA.55.1_1,1.0,0
UGA.50.2_1,UGA.7.1_1,3.0,0
UGA.50.2_1,UGA.4.1_1,4.0,0
UGA.50.2_1,UGA.17.1_1,1.0,0
UGA.50.2_1,UGA.45.1_1,1.0,0
UGA.50.2_1,UGA.22.1_1,1.0,0
UGA.50.2_1,UGA.17.4_1,1.0,0
UGA.50.2_1,UGA.37.1_1,4.0,0
UGA.50.2_1,UGA.14.1_1,1.0,0
UGA.50.2_1,UGA.11.3_1,2.0,0
UGA.50.2_1,UGA.22.2_1,1.0,0
UGA.50.2_1,UGA.45.3_1,1.0,0
UGA.50.2_1,UGA.44.2_1,1.0,0
UGA.50.2_1,UGA.33.5_1,1.0,0
UGA.50.2_1,UGA.34.1_1,2.0,0
UGA.50.2_1,UGA.33.4_1,1.0,0
UGA.50.2_1,UGA.44.3_1,1.0,0
UGA.50.2_1,UGA.34.2_1,1.0,0
UGA.50.2_1,UGA.46.1_1,2.0,0
UGA.50.2_1,UGA.57.3_1,4.0,0
UGA.50.2_1,UGA.25.1_1,2.0,0
UGA.50.2_1,UGA.36.3_1,1.0,0
UGA.50.2_1,UGA.28.1_1,1.0,0
UGA.50.2_1,UGA.8.4_1,1.0,0
UGA.50.2_1,UGA.9.1_1,2.0,0
UGA.50.2_1,UGA.30.1_1,1.0,0
UGA.50.2_1,UGA.51.2_1,1.0,0
UGA.50.2_1,UGA.41.2_1,1.0,0
UGA.50.2_1,UGA.6.2_1,1.0,0
UGA.50.3_1,UGA.50.1_1,1423.0,0
UGA.50.3_1,UGA.50.2_1,369.0,0
UGA.50.3_1,UGA.56.1_1,320.0,0
UGA.50.3_1,UGA.10.2_1,165.0,0
UGA.50.3_1,UGA.50.4_1,99.0,0
UGA.50.3_1,UGA.17.3_1,54.0,0
UGA.50.3_1,UGA.38.4_1,18.0,0
UGA.50.3_1,UGA.56.2_1,53.0,0
UGA.50.3_1,UGA.38.2_1,41.0,0
UGA.50.3_1,UGA.29.3_1,25.0,0
UGA.50.3_1,UGA.29.1_1,10.0,0
UGA.50.3_1,UGA.29.2_1,15.0,0
UGA.50.3_1,UGA.10.3_1,23.0,0
UGA.50.3_1,UGA.10.1_1,3.0,0
UGA.50.3_1,UGA.56.4_1,4.0,0
UGA.50.3_1,UGA.55.2_1,10.0,0
UGA.50.3_1,UGA.54.1_1,7.0,0
UGA.50.3_1,UGA.10.4_1,9.0,0
UGA.50.3_1,UGA.56.3_1,4.0,0
UGA.50.3_1,UGA.38.1_1,18.0,0
UGA.50.3_1,UGA.38.3_1,2.0,0
UGA.50.3_1,UGA.4.1_1,12.0,0
UGA.50.3_1,UGA.7.1_1,8.0,0
UGA.50.3_1,UGA.17.1_1,2.0,0
UGA.50.3_1,UGA.55.1_1,4.0,0
UGA.50.3_1,UGA.17.2_1,5.0,0
UGA.50.3_1,UGA.11.1_1,1.0,0
UGA.50.3_1,UGA.17.4_1,3.0,0
UGA.50.3_1,UGA.37.1_1,4.0,0
UGA.50.3_1,UGA.55.4_1,4.0,0
UGA.50.3_1,UGA.11.3_1,2.0,0
UGA.50.3_1,UGA.20.2_1,2.0,0
UGA.50.3_1,UGA.22.3_1,1.0,0
UGA.50.3_1,UGA.20.1_1,1.0,0
UGA.50.3_1,UGA.14.2_1,1.0,0
UGA.50.3_1,UGA.22.1_1,1.0,0
UGA.50.3_1,UGA.44.1_1,2.0,0
UGA.50.3_1,UGA.44.4_1,2.0,0
UGA.50.3_1,UGA.33.1_1,1.0,0
UGA.50.3_1,UGA.34.1_1,1.0,0
UGA.50.3_1,UGA.22.2_1,1.0,0
UGA.50.3_1,UGA.33.3_1,1.0,0
UGA.50.3_1,UGA.44.3_1,2.0,0
UGA.50.3_1,UGA.33.5_1,3.0,0
UGA.50.3_1,UGA.57.3_1,3.0,0
UGA.50.3_1,UGA.16.1_1,1.0,0
UGA.50.3_1,UGA.33.6_1,1.0,0
UGA.50.3_1,UGA.33.2_1,1.0,0
UGA.50.3_1,UGA.2.3_1,1.0,0
UGA.50.3_1,UGA.57.1_1,2.0,0
UGA.50.3_1,UGA.2.1_1,1.0,0
UGA.50.3_1,UGA.34.3_1,1.0,0
UGA.50.3_1,UGA.28.3_1,1.0,0
UGA.50.3_1,UGA.2.4_1,1.0,0
UGA.50.3_1,UGA.25.1_1,1.0,0
UGA.50.3_1,UGA.42.2_1,1.0,0
UGA.50.3_1,UGA.8.2_1,2.0,0
UGA.50.3_1,UGA.36.1_1,1.0,0
UGA.50.3_1,UGA.9.1_1,1.0,0
UGA.50.3_1,UGA.35.2_1,1.0,0
UGA.50.3_1,UGA.27.2_1,1.0,0
UGA.50.3_1,UGA.47.1_1,1.0,0
UGA.50.3_1,UGA.24.2_1,1.0,0
UGA.50.3_1,UGA.30.2_1,1.0,0
UGA.50.3_1,UGA.39.7_1,1.0,0
UGA.50.3_1,UGA.3.6_1,1.0,0
UGA.50.3_1,UGA.13.1_1,1.0,0
UGA.50.3_1,UGA.48.2_1,1.0,0
UGA.50.3_1,UGA.12.2_1,1.0,0
UGA.50.4_1,UGA.50.3_1,1530.0,0
UGA.50.4_1,UGA.17.3_1,562.0,0
UGA.50.4_1,UGA.50.2_1,195.0,0
UGA.50.4_1,UGA.29.3_1,133.0,0
UGA.50.4_1,UGA.55.2_1,108.0,0
UGA.50.4_1,UGA.10.2_1,123.0,0
UGA.50.4_1,UGA.50.1_1,74.0,0
UGA.50.4_1,UGA.29.2_1,66.0,0
UGA.50.4_1,UGA.56.1_1,44.0,0
UGA.50.4_1,UGA.55.1_1,17.0,0
UGA.50.4_1,UGA.29.1_1,28.0,0
UGA.50.4_1,UGA.55.3_1,5.0,0
UGA.50.4_1,UGA.17.1_1,38.0,0
UGA.50.4_1,UGA.10.4_1,16.0,0
UGA.50.4_1,UGA.10.3_1,16.0,0
UGA.50.4_1,UGA.38.4_1,8.0,0
UGA.50.4_1,UGA.55.4_1,12.0,0
UGA.50.4_1,UGA.38.2_1,30.0,0
UGA.50.4_1,UGA.10.1_1,6.0,0
UGA.50.4_1,UGA.17.2_1,9.0,0
UGA.50.4_1,UGA.56.2_1,9.0,0
UGA.50.4_1,UGA.54.1_1,8.0,0
UGA.50.4_1,UGA.14.2_1,5.0,0
UGA.50.4_1,UGA.54.2_1,4.0,0
UGA.50.4_1,UGA.17.4_1,2.0,0
UGA.50.4_1,UGA.14.1_1,1.0,0
UGA.50.4_1,UGA.56.4_1,5.0,0
UGA.50.4_1,UGA.56.3_1,1.0,0
UGA.50.4_1,UGA.38.3_1,2.0,0
UGA.50.4_1,UGA.38.1_1,10.0,0
UGA.50.4_1,UGA.20.3_1,4.0,0
UGA.50.4_1,UGA.22.1_1,2.0,0
UGA.50.4_1,UGA.11.1_1,4.0,0
UGA.50.4_1,UGA.22.3_1,1.0,0
UGA.50.4_1,UGA.11.3_1,4.0,0
UGA.50.4_1,UGA.23.1_1,2.0,0
UGA.50.4_1,UGA.4.1_1,8.0,0
UGA.50.4_1,UGA.37.1_1,8.0,0
UGA.50.4_1,UGA.7.1_1,5.0,0
UGA.50.4_1,UGA.11.2_1,1.0,0
UGA.50.4_1,UGA.20.2_1,2.0,0
UGA.50.4_1,UGA.22.2_1,1.0,0
UGA.50.4_1,UGA.20.1_1,1.0,0
UGA.50.4_1,UGA.44.4_1,2.0,0
UGA.50.4_1,UGA.33.5_1,3.0,0
UGA.50.4_1,UGA.2.2_1,2.0,0
UGA.50.4_1,UGA.46.1_1,2.0,0
UGA.50.4_1,UGA.33.2_1,1.0,0
UGA.50.4_1,UGA.33.6_1,1.0,0
UGA.50.4_1,UGA.44.3_1,1.0,0
UGA.50.4_1,UGA.57.3_1,6.0,0
UGA.50.4_1,UGA.45.3_1,1.0,0
UGA.50.4_1,UGA.2.1_1,2.0,0
UGA.50.4_1,UGA.16.1_1,5.0,0
UGA.50.4_1,UGA.57.1_1,3.0,0
UGA.50.4_1,UGA.40.2_1,1.0,0
UGA.50.4_1,UGA.43.4_1,2.0,0
UGA.50.4_1,UGA.8.5_1,2.0,0
UGA.50.4_1,UGA.36.3_1,1.0,0
UGA.50.4_1,UGA.43.3_1,2.0,0
UGA.50.4_1,UGA.8.2_1,1.0,0
UGA.50.4_1,UGA.8.1_1,1.0,0
UGA.50.4_1,UGA.1.1_1,1.0,0
UGA.50.4_1,UGA.47.3_1,1.0,0
UGA.50.4_1,UGA.51.4_1,1.0,0
UGA.50.4_1,UGA.24.2_1,1.0,0
UGA.50.4_1,UGA.30.2_1,1.0,0
UGA.50.4_1,UGA.39.5_1,1.0,0
UGA.50.4_1,UGA.3.1_1,1.0,0
UGA.50.4_1,UGA.58.1_1,1.0,0
UGA.50.4_1,UGA.3.3_1,2.0,0
UGA.50.4_1,UGA.18.2_1,1.0,0
UGA.50.4_1,UGA.5.1_1,1.0,0
UGA.50.4_1,UGA.39.8_1,1.0,0
UGA.50.4_1,UGA.26.1_1,1.0,0
UGA.51.1_1,UGA.53.2_1,823.0,0
UGA.51.1_1,UGA.53.1_1,72.0,0
UGA.51.1_1,UGA.39.7_1,114.0,0
UGA.51.1_1,UGA.35.1_1,40.0,0
UGA.51.1_1,UGA.51.3_1,49.0,0
UGA.51.1_1,UGA.39.5_1,22.0,0
UGA.51.1_1,UGA.35.2_1,31.0,0
UGA.51.1_1,UGA.35.4_1,4.0,0
UGA.51.1_1,UGA.51.4_1,6.0,0
UGA.51.1_1,UGA.35.3_1,9.0,0
UGA.51.1_1,UGA.39.4_1,7.0,0
UGA.51.1_1,UGA.42.2_1,5.0,0
UGA.51.1_1,UGA.39.6_1,2.0,0
UGA.51.1_1,UGA.39.1_1,9.0,0
UGA.51.1_1,UGA.30.1_1,3.0,0
UGA.51.1_1,UGA.39.2_1,4.0,0
UGA.51.1_1,UGA.43.2_1,2.0,0
UGA.51.1_1,UGA.39.3_1,1.0,0
UGA.51.1_1,UGA.18.1_1,3.0,0
UGA.51.1_1,UGA.18.2_1,1.0,0
UGA.51.1_1,UGA.6.5_1,1.0,0
UGA.51.1_1,UGA.42.3_1,1.0,0
UGA.51.1_1,UGA.6.2_1,1.0,0
UGA.51.1_1,UGA.24.1_1,2.0,0
UGA.51.1_1,UGA.13.1_1,1.0,0
UGA.51.1_1,UGA.24.2_1,2.0,0
UGA.51.1_1,UGA.57.1_1,1.0,0
UGA.51.1_1,UGA.25.1_1,2.0,0
UGA.51.1_1,UGA.9.2_1,1.0,0
UGA.51.1_1,UGA.57.3_1,1.0,0
UGA.51.1_1,UGA.19.1_1,1.0,0
UGA.51.1_1,UGA.11.3_1,1.0,0
UGA.51.1_1,UGA.55.1_1,1.0,0
UGA.51.1_1,UGA.47.2_1,1.0,0
UGA.51.1_1,UGA.28.3_1,1.0,0
UGA.51.2_1,UGA.51.4_1,862.0,0
UGA.51.2_1,UGA.51.3_1,310.0,0
UGA.51.2_1,UGA.35.2_1,158.0,0
UGA.51.2_1,UGA.39.1_1,45.0,0
UGA.51.2_1,UGA.35.4_1,7.0,0
UGA.51.2_1,UGA.51.1_1,6.0,0
UGA.51.2_1,UGA.35.1_1,12.0,0
UGA.51.2_1,UGA.39.3_1,20.0,0
UGA.51.2_1,UGA.39.7_1,8.0,0
UGA.51.2_1,UGA.53.2_1,5.0,0
UGA.51.2_1,UGA.35.3_1,5.0,0
UGA.51.2_1,UGA.39.4_1,4.0,0
UGA.51.2_1,UGA.39.8_1,2.0,0
UGA.51.2_1,UGA.53.1_1,1.0,0
UGA.51.2_1,UGA.42.2_1,2.0,0
UGA.51.2_1,UGA.48.2_1,6.0,0
UGA.51.2_1,UGA.39.5_1,1.0,0
UGA.51.2_1,UGA.42.3_1,3.0,0
UGA.51.2_1,UGA.6.1_1,2.0,0
UGA.51.2_1,UGA.39.2_1,5.0,0
UGA.51.2_1,UGA.43.1_1,1.0,0
UGA.51.2_1,UGA.48.3_1,1.0,0
UGA.51.2_1,UGA.48.1_1,1.0,0
UGA.51.2_1,UGA.43.2_1,5.0,0
UGA.51.2_1,UGA.30.1_1,2.0,0
UGA.51.2_1,UGA.6.3_1,1.0,0
UGA.51.2_1,UGA.57.1_1,2.0,0
UGA.51.2_1,UGA.43.4_1,1.0,0
UGA.51.2_1,UGA.6.4_1,1.0,0
UGA.51.2_1,UGA.32.1_1,1.0,0
UGA.51.2_1,UGA.18.1_1,1.0,0
UGA.51.2_1,UGA.16.1_1,1.0,0
UGA.51.2_1,UGA.57.3_1,4.0,0
UGA.51.2_1,UGA.30.2_1,1.0,0
UGA.51.2_1,UGA.21.2_1,1.0,0
UGA.51.2_1,UGA.19.1_1,1.0,0
UGA.51.2_1,UGA.24.2_1,1.0,0
UGA.51.2_1,UGA.37.1_1,1.0,0
UGA.51.2_1,UGA.2.2_1,1.0,0
UGA.51.2_1,UGA.56.4_1,1.0,0
UGA.51.3_1,UGA.51.2_1,1019.0,0
UGA.51.3_1,UGA.51.4_1,590.0,0
UGA.51.3_1,UGA.39.1_1,429.0,0
UGA.51.3_1,UGA.35.2_1,334.0,0
UGA.51.3_1,UGA.51.1_1,40.0,0
UGA.51.3_1,UGA.39.7_1,73.0,0
UGA.51.3_1,UGA.35.4_1,25.0,0
UGA.51.3_1,UGA.39.3_1,61.0,0
UGA.51.3_1,UGA.53.2_1,28.0,0
UGA.51.3_1,UGA.39.6_1,14.0,0
UGA.51.3_1,UGA.35.1_1,14.0,0
UGA.51.3_1,UGA.39.4_1,29.0,0
UGA.51.3_1,UGA.53.1_1,4.0,0
UGA.51.3_1,UGA.35.3_1,19.0,0
UGA.51.3_1,UGA.39.8_1,13.0,0
UGA.51.3_1,UGA.39.5_1,10.0,0
UGA.51.3_1,UGA.48.2_1,25.0,0
UGA.51.3_1,UGA.42.2_1,8.0,0
UGA.51.3_1,UGA.6.5_1,12.0,0
UGA.51.3_1,UGA.6.1_1,5.0,0
UGA.51.3_1,UGA.15.1_1,3.0,0
UGA.51.3_1,UGA.39.2_1,8.0,0
UGA.51.3_1,UGA.42.1_1,7.0,0
UGA.51.3_1,UGA.18.2_1,8.0,0
UGA.51.3_1,UGA.30.1_1,13.0,0
UGA.51.3_1,UGA.48.1_1,6.0,0
UGA.51.3_1,UGA.6.3_1,11.0,0
UGA.51.3_1,UGA.48.3_1,9.0,0
UGA.51.3_1,UGA.42.3_1,7.0,0
UGA.51.3_1,UGA.43.2_1,12.0,0
UGA.51.3_1,UGA.18.1_1,2.0,0
UGA.51.3_1,UGA.43.1_1,3.0,0
UGA.51.3_1,UGA.6.4_1,2.0,0
UGA.51.3_1,UGA.12.4_1,2.0,0
UGA.51.3_1,UGA.43.3_1,7.0,0
UGA.51.3_1,UGA.6.2_1,2.0,0
UGA.51.3_1,UGA.52.2_1,1.0,0
UGA.51.3_1,UGA.57.2_1,2.0,0
UGA.51.3_1,UGA.43.4_1,2.0,0
UGA.51.3_1,UGA.12.1_1,1.0,0
UGA.51.3_1,UGA.52.1_1,3.0,0
UGA.51.3_1,UGA.21.2_1,5.0,0
UGA.51.3_1,UGA.30.2_1,5.0,0
UGA.51.3_1,UGA.57.1_1,11.0,0
UGA.51.3_1,UGA.24.3_1,2.0,0
UGA.51.3_1,UGA.19.1_1,1.0,0
UGA.51.3_1,UGA.21.1_1,2.0,0
UGA.51.3_1,UGA.16.1_1,8.0,0
UGA.51.3_1,UGA.24.1_1,1.0,0
UGA.51.3_1,UGA.57.3_1,6.0,0
UGA.51.3_1,UGA.25.1_1,1.0,0
UGA.51.3_1,UGA.5.2_1,1.0,0
UGA.51.3_1,UGA.34.3_1,2.0,0
UGA.51.3_1,UGA.44.1_1,1.0,0
UGA.51.3_1,UGA.11.1_1,1.0,0
UGA.51.3_1,UGA.36.3_1,1.0,0
UGA.51.3_1,UGA.37.1_1,1.0,0
UGA.51.3_1,UGA.17.2_1,1.0,0
UGA.51.3_1,UGA.36.1_1,1.0,0
UGA.51.3_1,UGA.4.1_1,2.0,0
UGA.51.3_1,UGA.55.1_1,1.0,0
UGA.51.3_1,UGA.2.2_1,1.0,0
UGA.51.3_1,UGA.56.4_1,1.0,0
UGA.51.3_1,UGA.55.3_1,1.0,0
UGA.51.3_1,UGA.29.2_1,3.0,0
UGA.51.3_1,UGA.54.1_1,1.0,0
UGA.51.3_1,UGA.8.1_1,1.0,0
UGA.51.3_1,UGA.3.5_1,1.0,0
UGA.51.4_1,UGA.35.2_1,1501.0,0
UGA.51.4_1,UGA.51.2_1,83.0,0
UGA.51.4_1,UGA.51.3_1,104.0,0
UGA.51.4_1,UGA.35.4_1,18.0,0
UGA.51.4_1,UGA.35.1_1,33.0,0
UGA.51.4_1,UGA.35.3_1,30.0,0
UGA.51.4_1,UGA.53.2_1,23.0,0
UGA.51.4_1,UGA.51.1_1,12.0,0
UGA.51.4_1,UGA.39.1_1,19.0,0
UGA.51.4_1,UGA.15.1_1,1.0,0
UGA.51.4_1,UGA.39.7_1,14.0,0
UGA.51.4_1,UGA.53.1_1,8.0,0
UGA.51.4_1,UGA.42.2_1,13.0,0
UGA.51.4_1,UGA.15.2_1,1.0,0
UGA.51.4_1,UGA.42.1_1,5.0,0
UGA.51.4_1,UGA.39.3_1,16.0,0
UGA.51.4_1,UGA.42.3_1,8.0,0
UGA.51.4_1,UGA.39.6_1,5.0,0
UGA.51.4_1,UGA.39.4_1,6.0,0
UGA.51.4_1,UGA.43.1_1,3.0,0
UGA.51.4_1,UGA.39.5_1,8.0,0
UGA.51.4_1,UGA.57.2_1,2.0,0
UGA.51.4_1,UGA.39.8_1,2.0,0
UGA.51.4_1,UGA.43.2_1,9.0,0
UGA.51.4_1,UGA.43.3_1,4.0,0
UGA.51.4_1,UGA.57.1_1,14.0,0
UGA.51.4_1,UGA.43.4_1,2.0,0
UGA.51.4_1,UGA.30.1_1,3.0,0
UGA.51.4_1,UGA.39.2_1,4.0,0
UGA.51.4_1,UGA.48.2_1,1.0,0
UGA.51.4_1,UGA.6.1_1,4.0,0
UGA.51.4_1,UGA.6.5_1,4.0,0
UGA.51.4_1,UGA.32.1_1,1.0,0
UGA.51.4_1,UGA.16.1_1,4.0,0
UGA.51.4_1,UGA.18.1_1,1.0,0
UGA.51.4_1,UGA.57.3_1,7.0,0
UGA.51.4_1,UGA.44.3_1,3.0,0
UGA.51.4_1,UGA.48.1_1,1.0,0
UGA.51.4_1,UGA.6.4_1,1.0,0
UGA.51.4_1,UGA.12.4_1,1.0,0
UGA.51.4_1,UGA.24.1_1,1.0,0
UGA.51.4_1,UGA.44.1_1,2.0,0
UGA.51.4_1,UGA.21.1_1,2.0,0
UGA.51.4_1,UGA.17.4_1,2.0,0
UGA.51.4_1,UGA.17.2_1,1.0,0
UGA.51.4_1,UGA.17.1_1,1.0,0
UGA.51.4_1,UGA.10.2_1,1.0,0
UGA.51.4_1,UGA.36.4_1,1.0,0
UGA.51.4_1,UGA.56.1_1,1.0,0
UGA.51.4_1,UGA.2.4_1,2.0,0
UGA.51.4_1,UGA.38.1_1,1.0,0
UGA.51.4_1,UGA.29.2_1,1.0,0
UGA.51.4_1,UGA.27.1_1,1.0,0
UGA.51.4_1,UGA.28.1_1,1.0,0
UGA.52.1_1,UGA.6.4_1,1004.0,0
UGA.52.1_1,UGA.19.1_1,443.0,0
UGA.52.1_1,UGA.6.3_1,182.0,0
UGA.52.1_1,UGA.52.2_1,59.0,0
UGA.52.1_1,UGA.48.1_1,36.0,0
UGA.52.1_1,UGA.6.2_1,33.0,0
UGA.52.1_1,UGA.6.5_1,55.0,0
UGA.52.1_1,UGA.48.3_1,18.0,0
UGA.52.1_1,UGA.12.3_1,28.0,0
UGA.52.1_1,UGA.6.1_1,12.0,0
UGA.52.1_1,UGA.12.4_1,9.0,0
UGA.52.1_1,UGA.48.2_1,18.0,0
UGA.52.1_1,UGA.26.1_1,16.0,0
UGA.52.1_1,UGA.12.1_1,1.0,0
UGA.52.1_1,UGA.39.8_1,13.0,0
UGA.52.1_1,UGA.21.1_1,12.0,0
UGA.52.1_1,UGA.12.2_1,9.0,0
UGA.52.1_1,UGA.39.4_1,11.0,0
UGA.52.1_1,UGA.21.2_1,10.0,0
UGA.52.1_1,UGA.18.2_1,3.0,0
UGA.52.1_1,UGA.39.6_1,3.0,0
UGA.52.1_1,UGA.39.2_1,10.0,0
UGA.52.1_1,UGA.39.3_1,8.0,0
UGA.52.1_1,UGA.39.7_1,2.0,0
UGA.52.1_1,UGA.39.5_1,6.0,0
UGA.52.1_1,UGA.18.1_1,5.0,0
UGA.52.1_1,UGA.13.1_1,2.0,0
UGA.52.1_1,UGA.5.1_1,2.0,0
UGA.52.1_1,UGA.13.2_1,5.0,0
UGA.52.1_1,UGA.51.1_1,1.0,0
UGA.52.1_1,UGA.51.3_1,1.0,0
UGA.52.1_1,UGA.30.2_1,2.0,0
UGA.52.1_1,UGA.30.1_1,5.0,0
UGA.52.1_1,UGA.53.2_1,1.0,0
UGA.52.1_1,UGA.51.2_1,2.0,0
UGA.52.1_1,UGA.51.4_1,3.0,0
UGA.52.1_1,UGA.35.2_1,2.0,0
UGA.52.1_1,UGA.35.1_1,1.0,0
UGA.52.1_1,UGA.24.2_1,5.0,0
UGA.52.1_1,UGA.43.2_1,4.0,0
UGA.52.1_1,UGA.35.4_1,2.0,0
UGA.52.1_1,UGA.24.1_1,2.0,0
UGA.52.1_1,UGA.43.3_1,1.0,0
UGA.52.1_1,UGA.43.4_1,1.0,0
UGA.52.1_1,UGA.25.1_1,2.0,0
UGA.52.1_1,UGA.57.1_1,2.0,0
UGA.52.1_1,UGA.34.3_1,1.0,0
UGA.52.1_1,UGA.16.1_1,2.0,0
UGA.52.1_1,UGA.57.3_1,2.0,0
UGA.52.1_1,UGA.44.4_1,1.0,0
UGA.52.1_1,UGA.44.1_1,1.0,0
UGA.52.1_1,UGA.47.3_1,1.0,0
UGA.52.1_1,UGA.10.4_1,1.0,0
UGA.52.1_1,UGA.14.1_1,1.0,0
UGA.52.1_1,UGA.2.1_1,1.0,0
UGA.52.1_1,UGA.14.2_1,1.0,0
UGA.52.1_1,UGA.7.1_1,1.0,0
UGA.52.1_1,UGA.1.1_1,1.0,0
UGA.52.1_1,UGA.38.1_1,1.0,0
UGA.52.2_1,UGA.48.1_1,742.0,0
UGA.52.2_1,UGA.48.3_1,361.0,0
UGA.52.2_1,UGA.12.4_1,127.0,0
UGA.52.2_1,UGA.19.1_1,163.0,0
UGA.52.2_1,UGA.12.3_1,63.0,0
UGA.52.2_1,UGA.6.4_1,29.0,0
UGA.52.2_1,UGA.12.1_1,6.0,0
UGA.52.2_1,UGA.52.1_1,29.0,0
UGA.52.2_1,UGA.48.2_1,26.0,0
UGA.52.2_1,UGA.12.2_1,7.0,0
UGA.52.2_1,UGA.26.1_1,18.0,0
UGA.52.2_1,UGA.6.3_1,8.0,0
UGA.52.2_1,UGA.6.5_1,6.0,0
UGA.52.2_1,UGA.39.8_1,3.0,0
UGA.52.2_1,UGA.6.2_1,6.0,0
UGA.52.2_1,UGA.39.3_1,8.0,0
UGA.52.2_1,UGA.39.6_1,3.0,0
UGA.52.2_1,UGA.39.4_1,2.0,0
UGA.52.2_1,UGA.39.2_1,4.0,0
UGA.52.2_1,UGA.18.2_1,1.0,0
UGA.52.2_1,UGA.21.1_1,4.0,0
UGA.52.2_1,UGA.39.1_1,1.0,0
UGA.52.2_1,UGA.21.2_1,5.0,0
UGA.52.2_1,UGA.39.5_1,1.0,0
UGA.52.2_1,UGA.51.3_1,1.0,0
UGA.52.2_1,UGA.18.1_1,2.0,0
UGA.52.2_1,UGA.13.1_1,1.0,0
UGA.52.2_1,UGA.51.2_1,2.0,0
UGA.52.2_1,UGA.13.2_1,1.0,0
UGA.52.2_1,UGA.5.1_1,2.0,0
UGA.52.2_1,UGA.51.4_1,2.0,0
UGA.52.2_1,UGA.53.2_1,1.0,0
UGA.52.2_1,UGA.30.1_1,1.0,0
UGA.52.2_1,UGA.30.2_1,3.0,0
UGA.52.2_1,UGA.35.2_1,2.0,0
UGA.52.2_1,UGA.35.1_1,1.0,0
UGA.52.2_1,UGA.35.3_1,1.0,0
UGA.52.2_1,UGA.43.2_1,1.0,0
UGA.52.2_1,UGA.42.2_1,1.0,0
UGA.52.2_1,UGA.24.2_1,1.0,0
UGA.52.2_1,UGA.42.3_1,1.0,0
UGA.52.2_1,UGA.9.2_1,2.0,0
UGA.52.2_1,UGA.25.1_1,1.0,0
UGA.52.2_1,UGA.57.1_1,1.0,0
UGA.52.2_1,UGA.9.1_1,1.0,0
UGA.52.2_1,UGA.16.1_1,4.0,0
UGA.52.2_1,UGA.57.3_1,1.0,0
UGA.52.2_1,UGA.44.3_1,1.0,0
UGA.52.2_1,UGA.36.3_1,1.0,0
UGA.52.2_1,UGA.34.1_1,1.0,0
UGA.52.2_1,UGA.23.2_1,1.0,0
UGA.52.2_1,UGA.44.2_1,1.0,0
UGA.52.2_1,UGA.2.2_1,1.0,0
UGA.52.2_1,UGA.2.1_1,1.0,0
UGA.52.2_1,UGA.33.5_1,1.0,0
UGA.52.2_1,UGA.38.2_1,1.0,0
UGA.52.2_1,UGA.45.1_1,1.0,0
UGA.53.1_1,UGA.51.1_1,469.0,0
UGA.53.1_1,UGA.53.2_1,186.0,0
UGA.53.1_1,UGA.39.5_1,49.0,0
UGA.53.1_1,UGA.30.1_1,40.0,0
UGA.53.1_1,UGA.43.2_1,12.0,0
UGA.53.1_1,UGA.39.7_1,4.0,0
UGA.53.1_1,UGA.35.1_1,6.0,0
UGA.53.1_1,UGA.42.2_1,1.0,0
UGA.53.1_1,UGA.35.3_1,2.0,0
UGA.53.1_1,UGA.35.2_1,3.0,0
UGA.53.1_1,UGA.39.2_1,4.0,0
UGA.53.1_1,UGA.43.3_1,2.0,0
UGA.53.1_1,UGA.39.4_1,1.0,0
UGA.53.1_1,UGA.18.2_1,1.0,0
UGA.53.1_1,UGA.24.1_1,1.0,0
UGA.53.1_1,UGA.42.3_1,1.0,0
UGA.53.1_1,UGA.13.1_1,1.0,0
UGA.53.1_1,UGA.6.2_1,2.0,0
UGA.53.1_1,UGA.44.4_1,1.0,0
UGA.53.1_1,UGA.10.2_1,1.0,0
UGA.53.2_1,UGA.35.1_1,1045.0,0
UGA.53.2_1,UGA.51.1_1,307.0,0
UGA.53.2_1,UGA.53.1_1,173.0,0
UGA.53.2_1,UGA.35.3_1,234.0,0
UGA.53.2_1,UGA.42.2_1,143.0,0
UGA.53.2_1,UGA.35.2_1,186.0,0
UGA.53.2_1,UGA.35.4_1,20.0,0
UGA.53.2_1,UGA.51.4_1,48.0,0
UGA.53.2_1,UGA.39.7_1,29.0,0
UGA.53.2_1,UGA.43.2_1,56.0,0
UGA.53.2_1,UGA.51.3_1,17.0,0
UGA.53.2_1,UGA.39.5_1,10.0,0
UGA.53.2_1,UGA.30.1_1,25.0,0
UGA.53.2_1,UGA.42.1_1,8.0,0
UGA.53.2_1,UGA.43.3_1,12.0,0
UGA.53.2_1,UGA.43.1_1,1.0,0
UGA.53.2_1,UGA.42.3_1,11.0,0
UGA.53.2_1,UGA.51.2_1,1.0,0
UGA.53.2_1,UGA.43.4_1,9.0,0
UGA.53.2_1,UGA.39.1_1,5.0,0
UGA.53.2_1,UGA.39.4_1,5.0,0
UGA.53.2_1,UGA.39.6_1,4.0,0
UGA.53.2_1,UGA.39.2_1,8.0,0
UGA.53.2_1,UGA.24.3_1,2.0,0
UGA.53.2_1,UGA.18.1_1,11.0,0
UGA.53.2_1,UGA.39.3_1,3.0,0
UGA.53.2_1,UGA.57.2_1,2.0,0
UGA.53.2_1,UGA.57.1_1,14.0,0
UGA.53.2_1,UGA.30.2_1,5.0,0
UGA.53.2_1,UGA.24.1_1,3.0,0
UGA.53.2_1,UGA.18.2_1,1.0,0
UGA.53.2_1,UGA.39.8_1,3.0,0
UGA.53.2_1,UGA.25.1_1,5.0,0
UGA.53.2_1,UGA.6.5_1,1.0,0
UGA.53.2_1,UGA.16.1_1,9.0,0
UGA.53.2_1,UGA.24.2_1,2.0,0
UGA.53.2_1,UGA.57.3_1,3.0,0
UGA.53.2_1,UGA.13.2_1,2.0,0
UGA.53.2_1,UGA.48.2_1,3.0,0
UGA.53.2_1,UGA.44.3_1,1.0,0
UGA.53.2_1,UGA.6.2_1,1.0,0
UGA.53.2_1,UGA.9.2_1,1.0,0
UGA.53.2_1,UGA.6.4_1,1.0,0
UGA.53.2_1,UGA.5.1_1,1.0,0
UGA.53.2_1,UGA.9.1_1,1.0,0
UGA.53.2_1,UGA.12.3_1,1.0,0
UGA.53.2_1,UGA.26.1_1,1.0,0
UGA.53.2_1,UGA.10.4_1,1.0,0
UGA.53.2_1,UGA.2.2_1,1.0,0
UGA.53.2_1,UGA.4.1_1,2.0,0
UGA.53.2_1,UGA.7.1_1,1.0,0
UGA.53.2_1,UGA.50.1_1,1.0,0
UGA.53.2_1,UGA.8.3_1,1.0,0
UGA.54.1_1,UGA.54.3_1,414.0,0
UGA.54.1_1,UGA.38.3_1,1113.0,0
UGA.54.1_1,UGA.38.4_1,217.0,0
UGA.54.1_1,UGA.38.2_1,482.0,0
UGA.54.1_1,UGA.20.3_1,64.0,0
UGA.54.1_1,UGA.54.2_1,79.0,0
UGA.54.1_1,UGA.29.1_1,84.0,0
UGA.54.1_1,UGA.38.1_1,97.0,0
UGA.54.1_1,UGA.50.1_1,56.0,0
UGA.54.1_1,UGA.50.2_1,22.0,0
UGA.54.1_1,UGA.20.2_1,13.0,0
UGA.54.1_1,UGA.20.1_1,13.0,0
UGA.54.1_1,UGA.29.2_1,30.0,0
UGA.54.1_1,UGA.56.4_1,21.0,0
UGA.54.1_1,UGA.56.1_1,17.0,0
UGA.54.1_1,UGA.50.3_1,21.0,0
UGA.54.1_1,UGA.56.2_1,19.0,0
UGA.54.1_1,UGA.29.3_1,5.0,0
UGA.54.1_1,UGA.50.4_1,8.0,0
UGA.54.1_1,UGA.45.1_1,3.0,0
UGA.54.1_1,UGA.10.2_1,7.0,0
UGA.54.1_1,UGA.22.3_1,5.0,0
UGA.54.1_1,UGA.7.1_1,9.0,0
UGA.54.1_1,UGA.17.3_1,2.0,0
UGA.54.1_1,UGA.55.2_1,3.0,0
UGA.54.1_1,UGA.45.3_1,3.0,0
UGA.54.1_1,UGA.55.3_1,1.0,0
UGA.54.1_1,UGA.4.1_1,10.0,0
UGA.54.1_1,UGA.55.4_1,10.0,0
UGA.54.1_1,UGA.10.3_1,11.0,0
UGA.54.1_1,UGA.45.2_1,1.0,0
UGA.54.1_1,UGA.10.4_1,1.0,0
UGA.54.1_1,UGA.22.1_1,2.0,0
UGA.54.1_1,UGA.55.1_1,1.0,0
UGA.54.1_1,UGA.37.1_1,9.0,0
UGA.54.1_1,UGA.17.1_1,2.0,0
UGA.54.1_1,UGA.17.2_1,3.0,0
UGA.54.1_1,UGA.40.1_1,2.0,0
UGA.54.1_1,UGA.17.4_1,1.0,0
UGA.54.1_1,UGA.11.3_1,2.0,0
UGA.54.1_1,UGA.14.1_1,2.0,0
UGA.54.1_1,UGA.23.2_1,2.0,0
UGA.54.1_1,UGA.44.2_1,1.0,0
UGA.54.1_1,UGA.44.1_1,3.0,0
UGA.54.1_1,UGA.44.4_1,2.0,0
UGA.54.1_1,UGA.33.6_1,1.0,0
UGA.54.1_1,UGA.34.1_1,1.0,0
UGA.54.1_1,UGA.44.3_1,3.0,0
UGA.54.1_1,UGA.34.2_1,1.0,0
UGA.54.1_1,UGA.57.3_1,8.0,0
UGA.54.1_1,UGA.28.2_1,1.0,0
UGA.54.1_1,UGA.2.1_1,1.0,0
UGA.54.1_1,UGA.16.1_1,2.0,0
UGA.54.1_1,UGA.49.1_1,1.0,0
UGA.54.1_1,UGA.2.3_1,2.0,0
UGA.54.1_1,UGA.57.1_1,2.0,0
UGA.54.1_1,UGA.2.4_1,1.0,0
UGA.54.1_1,UGA.43.4_1,2.0,0
UGA.54.1_1,UGA.8.5_1,1.0,0
UGA.54.1_1,UGA.42.1_1,1.0,0
UGA.54.1_1,UGA.36.4_1,1.0,0
UGA.54.1_1,UGA.25.1_1,1.0,0
UGA.54.1_1,UGA.36.3_1,1.0,0
UGA.54.1_1,UGA.8.1_1,1.0,0
UGA.54.1_1,UGA.27.2_1,1.0,0
UGA.54.1_1,UGA.43.2_1,1.0,0
UGA.54.1_1,UGA.24.1_1,1.0,0
UGA.54.1_1,UGA.35.2_1,3.0,0
UGA.54.1_1,UGA.47.1_1,2.0,0
UGA.54.1_1,UGA.47.3_1,1.0,0
UGA.54.1_1,UGA.47.2_1,1.0,0
UGA.54.1_1,UGA.39.5_1,1.0,0
UGA.54.1_1,UGA.39.7_1,1.0,0
UGA.54.1_1,UGA.58.1_1,1.0,0
UGA.54.1_1,UGA.3.2_1,1.0,0
UGA.54.1_1,UGA.39.1_1,1.0,0
UGA.54.1_1,UGA.5.1_1,1.0,0
UGA.54.1_1,UGA.21.2_1,1.0,0
UGA.54.1_1,UGA.21.1_1,1.0,0
UGA.54.1_1,UGA.26.1_1,1.0,0
UGA.54.2_1,UGA.20.3_1,817.0,0
UGA.54.2_1,UGA.29.1_1,556.0,0
UGA.54.2_1,UGA.54.1_1,252.0,0
UGA.54.2_1,UGA.20.2_1,73.0,0
UGA.54.2_1,UGA.54.3_1,18.0,0
UGA.54.2_1,UGA.29.2_1,99.0,0
UGA.54.2_1,UGA.38.4_1,29.0,0
UGA.54.2_1,UGA.38.3_1,43.0,0
UGA.54.2_1,UGA.20.1_1,16.0,0
UGA.54.2_1,UGA.38.2_1,45.0,0
UGA.54.2_1,UGA.45.1_1,10.0,0
UGA.54.2_1,UGA.50.2_1,8.0,0
UGA.54.2_1,UGA.50.1_1,18.0,0
UGA.54.2_1,UGA.38.1_1,17.0,0
UGA.54.2_1,UGA.29.3_1,4.0,0
UGA.54.2_1,UGA.22.3_1,9.0,0
UGA.54.2_1,UGA.50.3_1,11.0,0
UGA.54.2_1,UGA.56.1_1,11.0,0
UGA.54.2_1,UGA.45.3_1,3.0,0
UGA.54.2_1,UGA.50.4_1,4.0,0
UGA.54.2_1,UGA.56.4_1,4.0,0
UGA.54.2_1,UGA.45.2_1,1.0,0
UGA.54.2_1,UGA.56.3_1,1.0,0
UGA.54.2_1,UGA.56.2_1,10.0,0
UGA.54.2_1,UGA.55.3_1,1.0,0
UGA.54.2_1,UGA.55.2_1,4.0,0
UGA.54.2_1,UGA.55.4_1,2.0,0
UGA.54.2_1,UGA.10.2_1,3.0,0
UGA.54.2_1,UGA.22.1_1,1.0,0
UGA.54.2_1,UGA.17.3_1,1.0,0
UGA.54.2_1,UGA.22.2_1,1.0,0
UGA.54.2_1,UGA.7.1_1,4.0,0
UGA.54.2_1,UGA.10.1_1,1.0,0
UGA.54.2_1,UGA.4.1_1,7.0,0
UGA.54.2_1,UGA.10.4_1,5.0,0
UGA.54.2_1,UGA.17.1_1,3.0,0
UGA.54.2_1,UGA.14.1_1,2.0,0
UGA.54.2_1,UGA.17.2_1,1.0,0
UGA.54.2_1,UGA.33.1_1,1.0,0
UGA.54.2_1,UGA.11.1_1,1.0,0
UGA.54.2_1,UGA.33.5_1,2.0,0
UGA.54.2_1,UGA.28.3_1,1.0,0
UGA.54.2_1,UGA.23.2_1,1.0,0
UGA.54.2_1,UGA.33.2_1,1.0,0
UGA.54.2_1,UGA.28.2_1,2.0,0
UGA.54.2_1,UGA.33.4_1,2.0,0
UGA.54.2_1,UGA.2.2_1,2.0,0
UGA.54.2_1,UGA.44.1_1,1.0,0
UGA.54.2_1,UGA.44.3_1,2.0,0
UGA.54.2_1,UGA.16.1_1,2.0,0
UGA.54.2_1,UGA.2.4_1,1.0,0
UGA.54.2_1,UGA.49.2_1,1.0,0
UGA.54.2_1,UGA.8.2_1,1.0,0
UGA.54.2_1,UGA.42.3_1,1.0,0
UGA.54.2_1,UGA.27.2_1,1.0,0
UGA.54.2_1,UGA.3.6_1,1.0,0
UGA.54.2_1,UGA.13.1_1,1.0,0
UGA.54.2_1,UGA.48.2_1,1.0,0
UGA.54.2_1,UGA.21.1_1,1.0,0
UGA.54.3_1,UGA.38.3_1,433.0,0
UGA.54.3_1,UGA.54.1_1,42.0,0
UGA.54.3_1,UGA.20.3_1,8.0,0
UGA.54.3_1,UGA.20.1_1,3.0,0
UGA.54.3_1,UGA.20.2_1,3.0,0
UGA.54.3_1,UGA.54.2_1,7.0,0
UGA.54.3_1,UGA.38.4_1,2.0,0
UGA.54.3_1,UGA.38.2_1,7.0,0
UGA.54.3_1,UGA.38.1_1,4.0,0
UGA.54.3_1,UGA.29.1_1,2.0,0
UGA.54.3_1,UGA.50.1_1,2.0,0
UGA.54.3_1,UGA.56.4_1,1.0,0
UGA.54.3_1,UGA.56.1_1,1.0,0
UGA.54.3_1,UGA.50.3_1,3.0,0
UGA.54.3_1,UGA.50.4_1,1.0,0
UGA.54.3_1,UGA.32.1_1,1.0,0
UGA.55.1_1,UGA.14.1_1,823.0,0
UGA.55.1_1,UGA.17.1_1,539.0,0
UGA.55.1_1,UGA.55.2_1,86.0,0
UGA.55.1_1,UGA.14.2_1,33.0,0
UGA.55.1_1,UGA.55.3_1,13.0,0
UGA.55.1_1,UGA.55.4_1,60.0,0
UGA.55.1_1,UGA.50.4_1,29.0,0
UGA.55.1_1,UGA.17.3_1,21.0,0
UGA.55.1_1,UGA.33.1_1,16.0,0
UGA.55.1_1,UGA.29.3_1,6.0,0
UGA.55.1_1,UGA.17.2_1,20.0,0
UGA.55.1_1,UGA.33.3_1,1.0,0
UGA.55.1_1,UGA.23.1_1,9.0,0
UGA.55.1_1,UGA.22.1_1,4.0,0
UGA.55.1_1,UGA.2.2_1,8.0,0
UGA.55.1_1,UGA.10.4_1,5.0,0
UGA.55.1_1,UGA.50.3_1,6.0,0
UGA.55.1_1,UGA.29.2_1,1.0,0
UGA.55.1_1,UGA.17.4_1,2.0,0
UGA.55.1_1,UGA.50.2_1,4.0,0
UGA.55.1_1,UGA.10.2_1,1.0,0
UGA.55.1_1,UGA.33.5_1,4.0,0
UGA.55.1_1,UGA.10.3_1,3.0,0
UGA.55.1_1,UGA.23.2_1,2.0,0
UGA.55.1_1,UGA.33.4_1,2.0,0
UGA.55.1_1,UGA.46.1_1,3.0,0
UGA.55.1_1,UGA.50.1_1,1.0,0
UGA.55.1_1,UGA.33.2_1,4.0,0
UGA.55.1_1,UGA.34.1_1,4.0,0
UGA.55.1_1,UGA.22.2_1,1.0,0
UGA.55.1_1,UGA.29.1_1,1.0,0
UGA.55.1_1,UGA.56.1_1,1.0,0
UGA.55.1_1,UGA.2.3_1,1.0,0
UGA.55.1_1,UGA.10.1_1,1.0,0
UGA.55.1_1,UGA.44.4_1,1.0,0
UGA.55.1_1,UGA.33.6_1,2.0,0
UGA.55.1_1,UGA.38.2_1,1.0,0
UGA.55.1_1,UGA.54.2_1,1.0,0
UGA.55.1_1,UGA.54.1_1,2.0,0
UGA.55.1_1,UGA.34.3_1,1.0,0
UGA.55.1_1,UGA.20.3_1,1.0,0
UGA.55.1_1,UGA.4.1_1,1.0,0
UGA.55.1_1,UGA.38.1_1,1.0,0
UGA.55.1_1,UGA.49.1_1,1.0,0
UGA.55.1_1,UGA.57.2_1,1.0,0
UGA.55.1_1,UGA.8.1_1,1.0,0
UGA.55.1_1,UGA.8.4_1,1.0,0
UGA.55.1_1,UGA.35.2_1,1.0,0
UGA.55.2_1,UGA.29.3_1,979.0,0
UGA.55.2_1,UGA.55.3_1,126.0,0
UGA.55.2_1,UGA.55.1_1,305.0,0
UGA.55.2_1,UGA.50.4_1,264.0,0
UGA.55.2_1,UGA.55.4_1,152.0,0
UGA.55.2_1,UGA.14.2_1,40.0,0
UGA.55.2_1,UGA.17.3_1,57.0,0
UGA.55.2_1,UGA.29.2_1,39.0,0
UGA.55.2_1,UGA.17.1_1,48.0,0
UGA.55.2_1,UGA.14.1_1,12.0,0
UGA.55.2_1,UGA.50.2_1,14.0,0
UGA.55.2_1,UGA.50.3_1,15.0,0
UGA.55.2_1,UGA.22.1_1,10.0,0
UGA.55.2_1,UGA.29.1_1,6.0,0
UGA.55.2_1,UGA.50.1_1,7.0,0
UGA.55.2_1,UGA.33.1_1,8.0,0
UGA.55.2_1,UGA.10.2_1,7.0,0
UGA.55.2_1,UGA.17.2_1,7.0,0
UGA.55.2_1,UGA.22.3_1,3.0,0
UGA.55.2_1,UGA.10.4_1,7.0,0
UGA.55.2_1,UGA.56.1_1,6.0,0
UGA.55.2_1,UGA.22.2_1,2.0,0
UGA.55.2_1,UGA.38.4_1,1.0,0
UGA.55.2_1,UGA.10.3_1,5.0,0
UGA.55.2_1,UGA.23.1_1,2.0,0
UGA.55.2_1,UGA.54.2_1,2.0,0
UGA.55.2_1,UGA.33.3_1,6.0,0
UGA.55.2_1,UGA.38.2_1,4.0,0
UGA.55.2_1,UGA.33.5_1,1.0,0
UGA.55.2_1,UGA.17.4_1,2.0,0
UGA.55.2_1,UGA.54.1_1,2.0,0
UGA.55.2_1,UGA.20.3_1,2.0,0
UGA.55.2_1,UGA.2.2_1,4.0,0
UGA.55.2_1,UGA.56.2_1,4.0,0
UGA.55.2_1,UGA.11.3_1,3.0,0
UGA.55.2_1,UGA.23.2_1,6.0,0
UGA.55.2_1,UGA.38.3_1,1.0,0
UGA.55.2_1,UGA.11.1_1,1.0,0
UGA.55.2_1,UGA.33.2_1,2.0,0
UGA.55.2_1,UGA.56.4_1,2.0,0
UGA.55.2_1,UGA.33.6_1,1.0,0
UGA.55.2_1,UGA.38.1_1,1.0,0
UGA.55.2_1,UGA.20.2_1,1.0,0
UGA.55.2_1,UGA.34.1_1,1.0,0
UGA.55.2_1,UGA.4.1_1,3.0,0
UGA.55.2_1,UGA.2.1_1,3.0,0
UGA.55.2_1,UGA.46.1_1,1.0,0
UGA.55.2_1,UGA.37.1_1,2.0,0
UGA.55.2_1,UGA.7.1_1,1.0,0
UGA.55.2_1,UGA.34.2_1,2.0,0
UGA.55.2_1,UGA.16.1_1,1.0,0
UGA.55.2_1,UGA.49.2_1,1.0,0
UGA.55.2_1,UGA.28.2_1,1.0,0
UGA.55.2_1,UGA.57.1_1,1.0,0
UGA.55.2_1,UGA.57.2_1,1.0,0
UGA.55.2_1,UGA.43.3_1,1.0,0
UGA.55.2_1,UGA.9.1_1,1.0,0
UGA.55.2_1,UGA.35.3_1,1.0,0
UGA.55.2_1,UGA.47.1_1,1.0,0
UGA.55.2_1,UGA.3.4_1,1.0,0
UGA.55.2_1,UGA.30.1_1,1.0,0
UGA.55.2_1,UGA.39.2_1,1.0,0
UGA.55.2_1,UGA.13.1_1,1.0,0
UGA.55.4_1,UGA.55.3_1,456.0,0
UGA.55.4_1,UGA.22.1_1,1121.0,0
UGA.55.4_1,UGA.14.2_1,342.0,0
UGA.55.4_1,UGA.55.2_1,337.0,0
UGA.55.4_1,UGA.29.3_1,176.0,0
UGA.55.4_1,UGA.55.1_1,129.0,0
UGA.55.4_1,UGA.22.2_1,70.0,0
UGA.55.4_1,UGA.14.1_1,90.0,0
UGA.55.4_1,UGA.22.3_1,93.0,0
UGA.55.4_1,UGA.29.2_1,101.0,0
UGA.55.4_1,UGA.33.1_1,75.0,0
UGA.55.4_1,UGA.50.4_1,44.0,0
UGA.55.4_1,UGA.33.5_1,53.0,0
UGA.55.4_1,UGA.50.2_1,31.0,0
UGA.55.4_1,UGA.29.1_1,35.0,0
UGA.55.4_1,UGA.17.1_1,43.0,0
UGA.55.4_1,UGA.17.3_1,15.0,0
UGA.55.4_1,UGA.33.6_1,6.0,0
UGA.55.4_1,UGA.50.3_1,13.0,0
UGA.55.4_1,UGA.33.2_1,16.0,0
UGA.55.4_1,UGA.50.1_1,14.0,0
UGA.55.4_1,UGA.54.2_1,5.0,0
UGA.55.4_1,UGA.33.4_1,10.0,0
UGA.55.4_1,UGA.33.3_1,5.0,0
UGA.55.4_1,UGA.2.2_1,6.0,0
UGA.55.4_1,UGA.40.1_1,7.0,0
UGA.55.4_1,UGA.10.2_1,9.0,0
UGA.55.4_1,UGA.38.4_1,6.0,0
UGA.55.4_1,UGA.17.2_1,18.0,0
UGA.55.4_1,UGA.54.1_1,7.0,0
UGA.55.4_1,UGA.20.3_1,6.0,0
UGA.55.4_1,UGA.56.1_1,2.0,0
UGA.55.4_1,UGA.45.1_1,4.0,0
UGA.55.4_1,UGA.38.2_1,9.0,0
UGA.55.4_1,UGA.2.1_1,10.0,0
UGA.55.4_1,UGA.28.3_1,3.0,0
UGA.55.4_1,UGA.23.1_1,3.0,0
UGA.55.4_1,UGA.10.4_1,2.0,0
UGA.55.4_1,UGA.20.2_1,2.0,0
UGA.55.4_1,UGA.10.3_1,3.0,0
UGA.55.4_1,UGA.54.3_1,1.0,0
UGA.55.4_1,UGA.45.2_1,3.0,0
UGA.55.4_1,UGA.38.3_1,6.0,0
UGA.55.4_1,UGA.17.4_1,1.0,0
UGA.55.4_1,UGA.56.2_1,2.0,0
UGA.55.4_1,UGA.10.1_1,1.0,0
UGA.55.4_1,UGA.38.1_1,7.0,0
UGA.55.4_1,UGA.2.3_1,2.0,0
UGA.55.4_1,UGA.49.1_1,6.0,0
UGA.55.4_1,UGA.56.4_1,3.0,0
UGA.55.4_1,UGA.20.1_1,1.0,0
UGA.55.4_1,UGA.46.1_1,1.0,0
UGA.55.4_1,UGA.23.2_1,1.0,0
UGA.55.4_1,UGA.2.4_1,6.0,0
UGA.55.4_1,UGA.11.1_1,2.0,0
UGA.55.4_1,UGA.45.3_1,1.0,0
UGA.55.4_1,UGA.34.1_1,1.0,0
UGA.55.4_1,UGA.40.2_1,2.0,0
UGA.55.4_1,UGA.49.2_1,1.0,0
UGA.55.4_1,UGA.4.1_1,4.0,0
UGA.55.4_1,UGA.44.4_1,2.0,0
UGA.55.4_1,UGA.37.1_1,2.0,0
UGA.55.4_1,UGA.7.1_1,1.0,0
UGA.55.4_1,UGA.8.5_1,1.0,0
UGA.55.4_1,UGA.34.2_1,4.0,0
UGA.55.4_1,UGA.34.3_1,1.0,0
UGA.55.4_1,UGA.36.4_1,1.0,0
UGA.55.4_1,UGA.57.3_1,4.0,0
UGA.55.4_1,UGA.44.3_1,2.0,0
UGA.55.4_1,UGA.16.1_1,5.0,0
UGA.55.4_1,UGA.57.1_1,2.0,0
UGA.55.4_1,UGA.8.4_1,1.0,0
UGA.55.4_1,UGA.25.1_1,1.0,0
UGA.55.4_1,UGA.42.1_1,1.0,0
UGA.55.4_1,UGA.9.1_1,1.0,0
UGA.55.4_1,UGA.42.2_1,1.0,0
UGA.55.4_1,UGA.3.4_1,1.0,0
UGA.55.4_1,UGA.3.7_1,1.0,0
UGA.55.4_1,UGA.58.1_1,1.0,0
UGA.55.4_1,UGA.35.2_1,1.0,0
UGA.55.4_1,UGA.51.4_1,1.0,0
UGA.55.4_1,UGA.51.2_1,2.0,0
UGA.55.4_1,UGA.39.1_1,1.0,0
UGA.55.4_1,UGA.39.4_1,1.0,0
UGA.1.1_1,UGA.1.1_1,264299.5586036965,0
UGA.2.1_1,UGA.2.1_1,319916.18497467024,0
UGA.2.2_1,UGA.2.2_1,247152.88055399337,0
UGA.2.3_1,UGA.2.3_1,246425.24263275866,0
UGA.2.4_1,UGA.2.4_1,483676.6318090443,0
UGA.3.1_1,UGA.3.1_1,76490.5783447266,0
UGA.3.2_1,UGA.3.2_1,311414.09116882284,0
UGA.3.3_1,UGA.3.3_1,280370.07548629795,0
UGA.3.4_1,UGA.3.4_1,179751.49298434448,0
UGA.3.5_1,UGA.3.5_1,221872.23223915068,0
UGA.3.6_1,UGA.3.6_1,266412.3393768309,0
UGA.3.7_1,UGA.3.7_1,168899.78020660373,0
UGA.4.1_1,UGA.4.1_1,781795.3198978633,0
UGA.5.1_1,UGA.5.1_1,281960.38251411426,0
UGA.5.2_1,UGA.5.2_1,77472.78204421523,0
UGA.6.1_1,UGA.6.1_1,136146.72718872028,0
UGA.6.2_1,UGA.6.2_1,172511.63767233002,0
UGA.6.3_1,UGA.6.3_1,278265.3929162979,0
UGA.6.4_1,UGA.6.4_1,212789.50622795147,0
UGA.6.5_1,UGA.6.5_1,244041.4427494814,0
UGA.7.1_1,UGA.7.1_1,415060.82608337427,0
UGA.8.1_1,UGA.8.1_1,166102.2063106154,0
UGA.8.2_1,UGA.8.2_1,177580.92246734665,0
UGA.8.3_1,UGA.8.3_1,240972.94519589414,0
UGA.8.4_1,UGA.8.4_1,264355.8365213271,0
UGA.8.5_1,UGA.8.5_1,236166.97933547926,0
UGA.9.1_1,UGA.9.1_1,409425.63661251054,0
UGA.9.2_1,UGA.9.2_1,380061.9927719881,0
UGA.10.1_1,UGA.10.1_1,216838.26442749045,0
UGA.10.2_1,UGA.10.2_1,336343.13626258814,0
UGA.11.2_1,UGA.11.2_1,87698.87736328125,0
UGA.11.3_1,UGA.11.3_1,247557.31671890238,0
UGA.12.1_1,UGA.12.1_1,55917.3414248657,0
UGA.12.2_1,UGA.12.2_1,209023.62804219205,0
UGA.12.3_1,UGA.12.3_1,243046.05102810846,0
UGA.12.4_1,UGA.12.4_1,122296.0990457151,0
UGA.13.1_1,UGA.13.1_1,209989.56872131323,0
UGA.13.2_1,UGA.13.2_1,318858.1194439891,0
UGA.13.3_1,UGA.13.3_1,58008.001629638704,0
UGA.14.1_1,UGA.14.1_1,145521.07105548176,0
UGA.14.2_1,UGA.14.2_1,153739.4938646084,0
UGA.15.1_1,UGA.15.1_1,35246.627844572926,0
UGA.15.2_1,UGA.15.2_1,24160.854689312022,0
UGA.16.1_1,UGA.16.1_1,1809296.291359864,0
UGA.17.1_1,UGA.17.1_1,443607.48139326303,0
UGA.17.2_1,UGA.17.2_1,408159.7389810171,0
UGA.17.3_1,UGA.17.3_1,310638.45622154797,0
UGA.17.4_1,UGA.17.4_1,198707.1233312989,0
UGA.18.1_1,UGA.18.1_1,377021.35527648963,0
UGA.18.2_1,UGA.18.2_1,183405.20507197912,0
UGA.19.1_1,UGA.19.1_1,297980.7676955297,0
UGA.20.1_1,UGA.20.1_1,129361.26259643598,0
UGA.20.2_1,UGA.20.2_1,124732.58759101898,0
UGA.20.3_1,UGA.20.3_1,129227.87246463765,0
UGA.33.4_1,UGA.33.4_1,115342.93015136693,0
UGA.33.5_1,UGA.33.5_1,279528.41252437595,0
UGA.33.6_1,UGA.33.6_1,143088.5105467983,0
UGA.34.1_1,UGA.34.1_1,225163.47925930022,0
UGA.34.2_1,UGA.34.2_1,342202.72833297733,0
UGA.34.3_1,UGA.34.3_1,253446.0553112984,0
UGA.35.1_1,UGA.35.1_1,167659.33823615988,0
UGA.35.2_1,UGA.35.2_1,570049.9903093346,0
UGA.35.3_1,UGA.35.3_1,210370.1194885257,0
UGA.35.4_1,UGA.35.4_1,118119.89836944593,0
UGA.36.2_1,UGA.36.2_1,97540.12049091335,0
UGA.36.1_1,UGA.36.1_1,157360.74349307994,0
UGA.36.3_1,UGA.36.3_1,242367.3275353427,0
UGA.36.4_1,UGA.36.4_1,381407.7303763957,0
UGA.37.1_1,UGA.37.1_1,605708.2790326884,0
UGA.38.1_1,UGA.38.1_1,460131.64967353817,0
UGA.38.2_1,UGA.38.2_1,524931.3734957889,0
UGA.38.3_1,UGA.38.3_1,281083.1729273984,0
UGA.38.4_1,UGA.38.4_1,116676.01228271473,0
UGA.39.1_1,UGA.39.1_1,318786.2557573696,0
UGA.39.2_1,UGA.39.2_1,299032.784231644,0
UGA.39.3_1,UGA.39.3_1,352501.41933843604,0
UGA.39.4_1,UGA.39.4_1,240269.14005592308,0
UGA.39.5_1,UGA.39.5_1,230252.4606493376,0
UGA.39.6_1,UGA.39.6_1,128057.31425445552,0
UGA.39.7_1,UGA.39.7_1,216729.7005511539,0
UGA.39.8_1,UGA.39.8_1,196387.9434338382,0
UGA.40.1_1,UGA.40.1_1,193887.3897556111,0
UGA.40.2_1,UGA.40.2_1,118925.72746546238,0
UGA.40.3_1,UGA.40.3_1,11248.998568725556,0
UGA.41.1_1,UGA.41.1_1,42248.10624042036,0
UGA.41.2_1,UGA.41.2_1,84513.39012220857,0
UGA.42.1_1,UGA.42.1_1,115835.5084989168,0
UGA.42.2_1,UGA.42.2_1,190220.55008028043,0
UGA.42.3_1,UGA.42.3_1,319311.6779017638,0
UGA.43.1_1,UGA.43.1_1,105129.74158285599,0
UGA.43.2_1,UGA.43.2_1,567286.507671432,0
UGA.43.3_1,UGA.43.3_1,376013.09329760284,0
UGA.55.3_1,UGA.55.3_1,52592.80305267331,0
UGA.56.1_1,UGA.56.1_1,329914.62112060585,0
UGA.56.2_1,UGA.56.2_1,376708.8610574338,0
UGA.56.4_1,UGA.56.4_1,240147.46054962135,0
UGA.56.3_1,UGA.56.3_1,48041.18218872067,0
UGA.57.1_1,UGA.57.1_1,1339870.4538519266,0
UGA.57.2_1,UGA.57.2_1,103147.29912963862,0
UGA.57.3_1,UGA.57.3_1,1702440.9078030386,0
UGA.58.1_1,UGA.58.1_1,718590.9828543088,0
UGA.10.3_1,UGA.10.3_1,428181.5419216919,0
UGA.10.4_1,UGA.10.4_1,297456.24875701877,0
UGA.11.1_1,UGA.11.1_1,219789.6670925901,0
UGA.21.1_1,UGA.21.1_1,384486.681957833,0
UGA.21.2_1,UGA.21.2_1,469690.3043027217,0
UGA.22.1_1,UGA.22.1_1,239759.52078048696,0
UGA.22.2_1,UGA.22.2_1,116388.48093269364,0
UGA.22.3_1,UGA.22.3_1,212186.33092546952,0
UGA.23.1_1,UGA.23.1_1,174002.32327497032,0
UGA.23.2_1,UGA.23.2_1,266497.0479890443,0
UGA.24.1_1,UGA.24.1_1,441658.4564396664,0
UGA.24.2_1,UGA.24.2_1,519900.33038063074,0
UGA.24.3_1,UGA.24.3_1,214230.3180894469,0
UGA.25.1_1,UGA.25.1_1,493539.2273480992,0
UGA.26.1_1,UGA.26.1_1,344985.38893398293,0
UGA.27.1_1,UGA.27.1_1,231301.13162595715,0
UGA.27.2_1,UGA.27.2_1,167606.4289832351,0
UGA.28.1_1,UGA.28.1_1,164863.29010590748,0
UGA.28.2_1,UGA.28.2_1,233642.56033823462,0
UGA.28.3_1,UGA.28.3_1,157084.98642231023,0
UGA.29.1_1,UGA.29.1_1,263214.9714564513,0
UGA.29.2_1,UGA.29.2_1,329582.48467213183,0
UGA.29.3_1,UGA.29.3_1,180237.53001368366,0
UGA.30.1_1,UGA.30.1_1,475958.2713574214,0
UGA.30.2_1,UGA.30.2_1,573218.8002912136,0
UGA.31.1_1,UGA.31.1_1,8085.834396381674,0
UGA.32.1_1,UGA.32.1_1,163610.05075561278,0
UGA.33.1_1,UGA.33.1_1,228836.22887274536,0
UGA.33.2_1,UGA.33.2_1,394729.73996704083,0
UGA.33.3_1,UGA.33.3_1,195878.83877520554,0
UGA.43.4_1,UGA.43.4_1,288748.6577750412,0
UGA.44.1_1,UGA.44.1_1,527815.9815810018,0
UGA.44.2_1,UGA.44.2_1,110359.65021205904,0
UGA.44.3_1,UGA.44.3_1,534883.8278608704,0
UGA.44.4_1,UGA.44.4_1,256118.6097784423,0
UGA.45.1_1,UGA.45.1_1,167843.82130931842,0
UGA.45.2_1,UGA.45.2_1,73502.20007051466,0
UGA.45.3_1,UGA.45.3_1,154309.563440208,0
UGA.46.1_1,UGA.46.1_1,233203.96318804694,0
UGA.47.1_1,UGA.47.1_1,194376.81271083176,0
UGA.47.2_1,UGA.47.2_1,306762.9914534001,0
UGA.47.3_1,UGA.47.3_1,310243.9636817552,0
UGA.48.1_1,UGA.48.1_1,133117.6120161436,0
UGA.48.2_1,UGA.48.2_1,315619.9532487491,0
UGA.48.3_1,UGA.48.3_1,158922.91403160084,0
UGA.49.1_1,UGA.49.1_1,270526.6153102679,0
UGA.49.2_1,UGA.49.2_1,223348.31685379025,0
UGA.50.1_1,UGA.50.1_1,275951.8268948361,0
UGA.50.2_1,UGA.50.2_1,195913.21707366945,0
UGA.50.3_1,UGA.50.3_1,273738.30184547446,0
UGA.50.4_1,UGA.50.4_1,313221.6380105198,0
UGA.51.1_1,UGA.51.1_1,121276.57083721146,0
UGA.51.2_1,UGA.51.2_1,147822.54058565135,0
UGA.51.3_1,UGA.51.3_1,289722.52913368546,0
UGA.51.4_1,UGA.51.4_1,197781.33472435005,0
UGA.52.1_1,UGA.52.1_1,204697.283302611,0
UGA.52.2_1,UGA.52.2_1,165128.47620666507,0
UGA.53.1_1,UGA.53.1_1,77973.70716602329,0
UGA.53.2_1,UGA.53.2_1,241677.87705642736,0
UGA.54.1_1,UGA.54.1_1,289492.6805090328,0
UGA.54.2_1,UGA.54.2_1,210122.07478912384,0
UGA.54.3_1,UGA.54.3_1,51498.48814727779,0
UGA.55.1_1,UGA.55.1_1,171422.5085138897,0
UGA.55.2_1,UGA.55.2_1,217122.0688313216,0
UGA.55.4_1,UGA.55.4_1,343364.70674188086,0
